0
0.004
0.005
0.003
-0.01
-0.014
0.018
0.02
0.005
0.003
-0.018
-0.003
0.018
0.023
0.029
-0.005
-0.024
-0.015
0.006
0
-0.001
0.108
0.146
0.113
-0.133
-0.184
-0.048
0.036
0.051
0.092
-0.001
-0.046
-0.129
-0.04
-0.032
0.046
0.066
0.152
0.08
-0.084
-0.277
-0.269
-0.079
0.019
0.242
0.151
-0.24
-0.017
-0.023
0.11
0.052
-0.001
-0.067
-0.077
-0.054
0.047
0.132
0.195
0.035
-0.146
-0.071
0.167
0.338
0.209
0.035
-0.16
-0.177
-0.017
0.07
0.12
0.184
0.173
0.05
-0.031
-0.07
0.001
-0.127
0.182
0.209
-0.389
-0.819
-0.608
-0.394
-0.161
0.115
0.283
0.218
0.19
0.126
0.149
0.261
0.268
0.438
0.715
1.07
0.913
0.328
-0.189
-0.431
-0.208
-0.135
-0.309
-0.588
-0.866
-0.877
-0.433
-0.09
0.133
-0.131
-0.027
-0.015
0.148
0.281
0.295
0.309
0.382
0.101
-0.17
-0.515
-0.498
-0.262
-0.098
0.158
0.083
-0.323
-0.64
-0.662
0.319
0.265
0.509
0.852
0.671
-1.059
-0.812
-0.237
0.217
0.815
0.444
-0.071
-0.571
-0.534
-0.216
-0.045
-0.237
-0.492
-0.243
-0.099
0.166
0.257
0.172
0.147
0.644
0.735
1.435
0.005
-1.051
-0.361
-0.545
-0.124
-0.284
-0.404
-0.281
-0.021
0.181
0.311
0.379
0.516
0.427
0.3
0.252
0.183
0.1
0.078
0.032
-0.11
-0.256
-0.125
-0.027
-0.019
0.096
0.094
-0.043
-0.188
-0.226
-0.176
-0.188
-0.142
-0.123
-0.063
-0.007
0.061
0.109
0.145
0.068
-0.119
-0.048
0.226
0.263
0.078
-0.038
-0.006
-0.112
-0.181
-0.12
-0.075
-0.025
-0.015
0.03
0.04
0.084
0.115
0.025
0.018
0.108
0.193
0.096
-0.044
-0.17
-0.113
-0.016
0.08
0.056
-0.064
-0.014
0.087
0.09
-0.053
-0.096
0.01
0.073
-0.032
-0.087
-0.015
0.017
-0.022
-0.025
0.028
0.002
-0.035
-0.058
-0.029
-0.028
-0.002
-0.108
-0.212
-0.226
-0.162
0.02
0.147
0.095
0.013
0.027
0.102
0.075
-0.002
-0.015
0.066
0.026
0.072
0.073
0.04
0.022
-0.009
-0.029
0.065
0.095
-0.029
-0.099
-0.033
0.045
0.009
-0.062
-0.012
-0.001
0.037
0.093
0.03
-0.041
0.019
-0.013
-0.022
-0.059
-0.041
0.046
0.079
0.034
-0.008
-0.022
-0.041
-0.062
-0.054
-0.038
-0.032
0.016
0.028
0.04
0.089
0.008
-0.053
0.023
0.086
0.049
-0.007
0.022
0.044
0.043
-0.053
-0.045
-0.003
0.012
0.02
0.051
0.011
-0.038
-0.036
-0.005
0.014
-0.013
-0.058
-0.096
-0.106
-0.063
-0.02
-0.005
0
0.007
0.007
-0.01
-0.017
0.028
0.029
0.001
-0.012
0.018
-0.004
-0.002
0.037
0.096
0.079
0.006
-0.038
-0.057
-0.029
-0.017
-0.052
-0.055
-0.011
-0.003
0.021
0.062
0.071
0.035
0.019
-0.022
-0.011
0.024
0.031
-0.004
0.054
0.096
0.104
0.047
0.012
-0.012
0.005
-0.04
-0.017
-0.002
-0.023
-0.022
-0.005
-0.019
-0.011
-0.018
-0.031
-0.021
0.001
-0.012
-0.069
-0.078
-0.029
0.028
0.069
0.066
0.032
-0.015
-0.027
-0.026
-0.016
-0.007
-0.006
-0.022
0.003
0.043
0.032
0.014
0.019
-0.013
-0.013
0.027
0.051
0.012
-0.013
-0.021
0.031
0.068
0.042
0.028
0.068
0.055
-0.002
-0.007
0.022
0.031
0.008
-0.015
-0.006
0.022
0.012
-0.011
-0.011
0.009
-0.007
-0.052
-0.082
-0.054
-0.024
0.008
0.016
-0.019
-0.029
-0.021
0.027
0.055
0.018
-0.01
-0.04
-0.02
-0.01
-0.017
-0.017
-0.009
0.01
-0.024
-0.028
0.004
0.047
-0.003
0.003
0.012
-0.006
-0.034
-0.012
0.051
0.02
-0.004
0.024
0.054
0.047
0.027
-0.005
0.014
0.017
-0.012
0.023
0.023
0.008
-0.011
-0.028
-0.049
-0.04
-0.015
-0.039
-0.039
-0.022
0.005
0.016
-0.011
-0.067
-0.041
-0.02
0.016
0.007
-0.027
-0.017
0.001
0.014
0.008
0.019
-0.022
-0.027
0.028
0.066
0.011
-0.006
-0.019
-0.046
-0.019
0.024
0.025
0.038
0.014
-0.009
-0.042
-0.013
0.019
-0.006
-0.026
-0.033
-0.021
-0.009
0.008
0.019
0.033
0.064
0.058
0.043
0.038
0.03
0.026
-0.011
-0.041
-0.04
-0.02
0.008
0.004
0.003
-0.002
-0.003
-0.004
0.028
0.053
0.019
-0.015
-0.024
-0.025
-0.014
0.02
0.041
0.026
0.02
0.017
0.016
0.015
0.007
-0.001
-0.009
-0.017
-0.018
0.01
0.025
0.014
-0.009
-0.022
-0.019
-0.02
-0.018
-0.006
0.01
-0.001
-0.05
-0.043
0.008
-0.024
-0.033
-0.047
-0.039
-0.034
-0.03
-0.048
-0.054
-0.029
-0.011
-0.026
-0.033
-0.021
-0.014
-0.013
-0.009
-0.005
-0.002
-0.016
-0.015
0.003
0.026
0.028
0.003
0.013
0.047
0.045
0.032
0.03
0.01
-0.004
-0.005
0.007
0
0.009
0.026
0.034
0.023
0.01
-0.005
-0.001
0.014
0.023
0.018
0.006
-0.01
-0.012
-0.007
-0.001
0.006
0.008
-0.001
-0.006
-0.011
-0.015
-0.016
0
0.007
-0.018
-0.017
0
-0.001
-0.003
-0.015
-0.015
-0.005
-0.005
-0.007
-0.012
-0.014
-0.017
-0.019
-0.016
-0.012
-0.007
-0.001
0.003
-0.002
-0.006
-0.011
-0.008
-0.015
-0.011
0.02
0.016
-0.002
-0.013
0.012
0.021
0.009
0
-0.003
0.008
0.01
0
-0.008
0.001
0.029
0.019
-0.001
-0.002
0.015
0.008
0.001
0.004
0
-0.008
-0.005
-0.003
-0.004
-0.003
-0.002
0.01
0.016
0.005
0.003
-0.001
-0.008
-0.005
0.007
0.009
0.005
0.013
0.016
0.008
0.001
-0.002
-0.013
-0.027
-0.038
-0.014
0.008
-0.008
-0.026
-0.026
-0.016
0.003
-0.002
-0.018
-0.036
-0.025
-0.017
-0.01
-0.021
-0.028
-0.011
-0.003
0.003
-0.005
-0.01
-0.02
-0.018
0.003
0.024
0.024
0.02
0.009
0.004
0.001
-0.002
0
0.01
0.02
0.024
0.018
-0.007
0.014
0.027
0.042
0.04
0.008
0.01
0.01
0.005
0.015
0.018
0
-0.01
-0.003
0.013
-0.002
-0.013
-0.017
-0.012
0.002
0.005
-0.004
-0.012
-0.022
-0.025
-0.016
0.002
0.008
0.006
-0.004
-0.008
0.02
0.02
0.012
0.008
-0.015
-0.013
0.022
0.004
-0.012
-0.01
0.026
0.024
0.02
0.014
0.006
-0.005
-0.022
0.01
0.03
0.032
0.015
-0.008
-0.017
-0.006
-0.003
-0.004
-0.009
-0.017
-0.009
0.02
0.038
0.009
-0.028
-0.026
-0.019
-0.014
-0.015
-0.005
0.001
0.009
-0.006
-0.026
-0.022
-0.009
-0.017
-0.022
-0.001
0.007
-0.003
0.002
0
-0.004
-0.004
-0.003
-0.009
-0.002
0.01
0.006
-0.001
0.002
0.007
0.014
0.017
0.023
0.019
0.012
-0.006
0.014
0.035
0.008
-0.014
-0.011
0
0.003
0.007
0.007
0.003
-0.013
0.019
0.034
0.032
0.008
0.002
-0.002
-0.002
-0.002
0.001
0.009
0.02
0
-0.01
-0.018
-0.018
-0.018
-0.017
-0.013
0.009
0.024
-0.004
-0.006
0.006
0.011
-0.001
-0.01
-0.026
-0.011
0.004
-0.001
-0.001
-0.004
-0.004
0.006
0.011
0.015
0.013
0.003
-0.017
-0.017
-0.009
-0.017
-0.02
-0.024
-0.016
0.001
0.018
0.01
-0.002
-0.01
-0.003
0.001
0
0
-0.002
-0.003
-0.013
-0.002
0.024
0.022
0.014
-0.011
-0.024
-0.001
0.011
0.022
0.019
0.016
0.009
0.004
0
-0.005
-0.008
-0.011
-0.013
-0.016
-0.017
-0.016
-0.004
0.01
0.025
0.017
0.007
-0.012
0.004
0.012
0.007
0.003
-0.001
-0.002
0.016
0.014
0.008
0.016
0.029
0.018
0.012
0.005
0.011
0.01
0.011
0.009
0.007
0.002
-0.009
0
-0.002
-0.008
-0.005
0.002
0
0.002
0
0
-0.001
-0.005
-0.023
-0.015
0.009
0.018
-0.006
-0.03
-0.022
-0.007
-0.002
-0.006
-0.017
-0.016
-0.004
0.015
0.036
0.012
-0.002
-0.016
-0.009
0.012
0.016
0.008
-0.039
-0.043
0.013
0.033
-0.008
-0.011
0.022
0.004
0
0.021
0.027
-0.016
-0.021
0.011
0.011
0.009
-0.009
-0.014
-0.012
-0.002
0.003
0.012
0.018
0.024
0.023
0.007
-0.013
0.006
0.002
-0.007
-0.007
0.003
0
-0.001
0
0.01
0.014
0.002
-0.004
-0.009
-0.01
-0.012
-0.011
-0.008
0.002
0
-0.01
-0.013
0.005
0.019
0.005
-0.009
-0.001
0.005
0.002
-0.002
0
0
0.006
0.01
0.006
0.009
0.02
0.028
0.02
0.008
0.003
0.007
0.001
-0.005
-0.009
0.008
0.023
0.013
-0.004
-0.003
-0.004
-0.006
-0.009
-0.007
-0.005
-0.004
-0.005
-0.007
-0.008
-0.007
-0.006
-0.001
-0.002
-0.01
-0.004
0.003
-0.003
-0.008
-0.001
0.003
-0.001
-0.004
-0.002
0.001
0.006
0.004
0.004
0.007
0.011
0.007
0.003
0.001
-0.005
-0.005
0.001
0.003
0.005
0.004
0.002
0.001
0.001
0.007
0.01
0.005
0.002
0.001
0.001
0.002
0
-0.007
-0.005
0.002
0.003
0.005
0.005
0.005
0.001
-0.002
-0.005
-0.007
-0.008
-0.003
0.001
0.003
0.003
-0.001
-0.003
-0.005
-0.006
-0.008
-0.01
-0.012
-0.012
-0.013
-0.014
-0.014
-0.013
-0.013
-0.011
-0.01
-0.009
-0.006
0.004
0.003
0.001
-0.001
-0.004
-0.005
-0.006
-0.007
-0.007
-0.007
-0.008
-0.008
-0.009
-0.013
-0.019
-0.012
-0.006
-0.004
-0.005
-0.005
-0.006
-0.006
-0.006
-0.008
-0.008
-0.002
-0.002
-0.001
0.002
0.004
0.006
0.006
0.002
0
-0.003
-0.004
-0.003
-0.003
-0.003
-0.005
-0.005
-0.005
-0.004
-0.004
-0.005
-0.006
-0.007
-0.007
0
0.007
0.006
0.001
0
0.007
0.007
-0.001
0.005
0.01
-0.001
-0.006
0.005
0.006
0.003
0.001
0.006
0.01
0.013
0.009
0.006
0.011
0.011
0.01
0.007
0.003
0
0
0.003
0.009
-0.003
-0.017
-0.014
-0.008
0.003
0.012
0.011
0.005
0.001
-0.003
-0.001
0.007
0.009
0.006
0.003
-0.001
0.003
0
-0.003
-0.001
0.003
0.004
0.005
0.004
0.005
0.005
0.006
0.007
0.007
0.001
0
-0.001
-0.001
-0.001
0
0
0
-0.001
-0.001
-0.001
-0.001
0
0
-0.001
-0.001
-0.004
-0.004
0
0.005
0.01
0.014
0.012
0.009
0.004
0.003
0.003
-0.001
-0.006
-0.009
-0.017
-0.002
0.013
-0.001
-0.008
-0.016
-0.011
0.002
0.005
0
-0.011
-0.021
-0.012
0.004
-0.003
-0.022
-0.023
0.004
0.012
0.002
-0.011
-0.019
0
0.007
0.001
-0.002
-0.003
0.003
0.007
-0.001
-0.013
-0.012
-0.008
-0.005
-0.004
-0.004
-0.001
0.006
0.012
0.006
-0.001
-0.003
0.002
0.012
0.012
0.008
0.004
0.005
0.011
0.014
0.008
0.003
-0.004
0.002
0.006
0
-0.001
-0.004
-0.001
-0.001
0
-0.001
-0.004
-0.005
-0.005
-0.005
-0.003
-0.003
-0.003
-0.006
-0.007
-0.006
-0.007
-0.006
-0.005
-0.004
-0.005
-0.008
-0.015
0.003
0.008
-0.007
-0.011
-0.01
-0.007
-0.004
-0.001
0.002
0.004
0.004
0.001
-0.003
-0.004
-0.003
-0.004
-0.004
-0.004
0.002
0.003
0.004
0.003
0.002
0.001
0.005
0.009
0.007
0.003
-0.001
-0.003
-0.001
-0.001
-0.002
-0.005
-0.003
0.002
0.002
0.003
0.002
-0.001
-0.007
-0.008
-0.004
0
0.003
0.007
0.004
0
-0.002
0.001
0.002
0
-0.004
-0.004
-0.002
0
0.003
0.003
0.004
0.003
0.004
0.003
0.009
0.004
0
0
0.002
0.005
0.006
0.007
0.006
0.004
0.005
0.007
0.006
0.003
0.003
0.003
0.004
0.006
0.007
0.003
0.002
0.002
0.002
0
-0.003
-0.005
-0.002
0.001
0.001
0.001
-0.001
-0.002
-0.001
0
0.001
0
-0.002
-0.003
-0.001
0
0
0
0.001
0.002
0.004
0.004
0.005
0.004
0.001
-0.001
-0.002
-0.002
0
0.005
0.007
0.006
0.005
0.007
0.008
0.008
0.007
0.005
0.003
-0.003
-0.004
0.003
0.007
0.004
0.001
0
0.002
0.004
0.005
0.005
0.003
0
0.002
0.003
0.003
0.002
0
0.002
0.002
0.004
0
-0.001
-0.001
-0.002
-0.002
0
0.001
0.002
0.004
0.003
0.003
0.003
-0.003
-0.004
-0.004
-0.003
-0.001
0.001
0.001
0.001
0.001
0.001
0
-0.001
-0.002
-0.003
-0.002
-0.004
-0.006
-0.006
-0.003
0
0.001
0
-0.003
-0.005
-0.007
-0.009
-0.011
-0.011
-0.009
-0.006
-0.002
0.002
0
0
0
0
-0.004
-0.005
-0.004
0
0.002
0.004
0.001
0.001
0.003
0.004
0.004
0.001
-0.001
-0.003
-0.004
0
0.003
0.007
0.011
0.008
0.003
0.007
0.004
0.003
0.001
0
0.002
0.006
0.008
0.008
0.005
0.004
0.001
-0.001
0
0.003
0.005
0.012
0.015
0.012
0.006
0.003
0.006
0.008
0.01
0.008
0.006
0.003
0.001
0.001
0.001
0.001
0.003
0.003
0.001
-0.001
-0.003
0
0.001
-0.001
-0.003
-0.006
-0.008
-0.007
-0.007
-0.006
-0.005
-0.003
-0.002
-0.001
-0.003
-0.003
-0.002
0
0
-0.002
-0.004
-0.001
0.003
0
-0.01
-0.013
-0.009
0.007
0.01
0.007
0.001
0.001
0.003
0.005
0.003
0.002
-0.003
-0.004
0.002
0.003
0
-0.001
-0.002
-0.006
0
0.007
0.011
0.004
-0.002
-0.005
-0.004
-0.004
-0.004
-0.004
-0.003
0.001
0.003
0.001
-0.002
-0.005
-0.005
-0.006
-0.006
-0.006
-0.003
0
0.002
0.002
0.001
0
0
0.001
-0.001
-0.002
-0.003
-0.002
0
0.001
-0.003
-0.001
0.004
0
-0.004
-0.003
0.002
0.002
0.003
-0.002
-0.005
-0.006
0
0.002
0.003
0.002
0.001
-0.001
-0.003
-0.004
-0.003
-0.002
0.002
0.007
0.01
0.005
0
-0.004
-0.007
-0.005
-0.003
-0.002
-0.001
0
0
-0.001
-0.002
-0.003
-0.004
-0.005
-0.006
-0.005
-0.003
0.001
0.003
0.004
0.002
0.001
-0.003
-0.006
-0.006
-0.002
-0.001
-0.002
-0.005
-0.005
-0.006
-0.005
-0.006
-0.008
-0.008
-0.006
-0.001
-0.002
-0.002
-0.004
-0.003
0
-0.001
-0.004
-0.006
-0.007
-0.005
-0.003
-0.001
0.001
0.001
0.001
-0.001
-0.002
-0.003
-0.003
-0.004
-0.005
-0.005
0
0.001
-0.001
-0.005
0
0.004
-0.002
-0.004
-0.004
0
0.001
0.001
0.004
0.006
0.001
-0.001
-0.002
0
0.003
0.005
0.004
0.003
0.001
0.001
-0.001
-0.004
-0.007
-0.008
0
0.002
-0.001
-0.003
-0.003
-0.001
0
0.001
-0.002
-0.005
-0.006
-0.007
-0.006
-0.003
-0.003
-0.004
-0.007
-0.008
-0.006
-0.004
-0.003
-0.002
-0.002
-0.001
-0.001
-0.002
-0.005
-0.005
-0.002
0
0
-0.001
-0.003
0
0.002
0.005
0.007
0.006
0.005
0.003
0.002
0.001
0
-0.001
-0.001
0.001
0.001
0.001
0.001
0.001
0.001
0.001
0.002
0.003
0.003
0.003
0.002
0.004
0.006
0.007
0.008
0.006
0.004
0.002
0.002
0.004
0.005
0.005
0.006
0.006
0.006
0.005
0.005
0.004
0.004
0.004
0.005
0.003
0
-0.001
0.001
0.003
0.005
0.005
0.004
0.002
-0.001
-0.003
-0.004
-0.005
-0.005
-0.004
-0.003
-0.002
-0.001
0
0.001
0.001
-0.001
-0.001
0.001
0.002
-0.001
-0.002
-0.003
-0.003
-0.001
0
0.002
0.003
0.004
0.003
0.002
0.001
0
-0.001
0.001
0.003
0.004
0.004
0.003
0.003
0.004
0.003
0.002
0.001
0
0
-0.002
-0.001
0.001
0.004
0.002
-0.002
-0.003
-0.004
-0.004
-0.002
0
-0.001
-0.002
-0.002
-0.001
0.002
0.005
0.007
0.008
0.005
0.002
0
-0.002
0
0.001
0.002
0.004
0.005
0.006
0.006
0.006
0.005
0.004
0.004
0.003
0.002
0.001
0
-0.003
0.003
0.005
0.003
-0.001
-0.003
-0.004
0.003
0.005
0.006
0.004
0.003
0.002
0
-0.001
-0.001
0.002
0.002
-0.001
-0.001
-0.002
-0.002
-0.002
-0.002
-0.002
-0.002
-0.002
0.002
0.005
0.006
0.007
0.005
0.003
0.002
0.003
0.004
0.003
0.002
0.001
0
-0.002
-0.003
-0.003
-0.003
-0.004
-0.004
-0.005
-0.005
-0.006
-0.007
-0.007
-0.005
-0.003
-0.001
-0.003
-0.003
-0.004
-0.003
-0.001
-0.001
-0.002
-0.003
-0.003
-0.002
-0.002
-0.002
-0.003
-0.004
-0.005
-0.005
-0.003
-0.003
-0.004
-0.005
-0.007
-0.007
-0.004
-0.002
0.001
0
0.001
0.001
0.004
0.006
0.003
0
-0.001
-0.001
-0.001
0
-0.001
-0.003
-0.003
-0.004
0.003
0.007
0.008
0.005
0.003
0
0.002
0.004
0.008
0.005
0.002
0.003
0.003
0.004
0.005
0.005
0.005
0.004
0.004
0.004
0.003
0.002
0.001
-0.001
-0.002
-0.003
-0.002
0
0
0
0
0
0.001
0.001
0
0
0
0.001
0.002
0.001
0
-0.001
0.001
0.002
0.002
0.002
0
-0.001
-0.003
0
0.002
0.002
0.002
0
0
-0.001
-0.001
-0.001
-0.001
-0.001
-0.001
0
0.001
0.002
0.002
0.002
0.003
0.004
0.004
0.003
0.002
0.001
0.001
0.001
0.001
-0.001
-0.002
-0.003
-0.003
-0.003
-0.002
0
0.002
0.002
0.002
0.001
0.001
-0.003
-0.007
-0.007
-0.004
-0.002
0
-0.001
-0.001
-0.003
-0.002
0.002
0.002
0.002
0.001
0.001
0.001
0.001
0.001
0.002
0.002
0.002
0
-0.001
-0.002
-0.002
-0.002
-0.002
-0.002
-0.002
-0.001
-0.001
0
0
0.001
0.001
0.002
0.002
0.001
0.001
0
-0.002
-0.002
-0.002
-0.002
-0.001
-0.001
-0.001
-0.002
-0.002
-0.002
-0.002
-0.003
-0.004
-0.005
-0.006
-0.008
-0.007
-0.005
-0.004
-0.003
-0.002
-0.002
-0.003
-0.003
0
0.002
0.003
0.004
0.003
0.001
0
0
0
0
0
0
0
0.001
0.001
0.001
0.001
0.001
0
0
-0.001
-0.001
-0.001
-0.001
-0.001
0
0.002
0.004
0.004
0.004
0.004
0.003
0.005
0.007
0.006
0.002
-0.001
-0.003
-0.002
-0.001
0
0.001
0.001
0.001
0
0
0
0
0
0
-0.001
-0.002
-0.003
-0.003
-0.003
-0.001
0
-0.001
-0.001
-0.002
-0.002
-0.002
-0.003
-0.004
-0.005
-0.005
-0.005
-0.003
-0.001
0
-0.002
-0.004
-0.004
-0.002
-0.002
-0.002
-0.002
-0.002
-0.002
-0.001
0.001
0.001
0.001
0.001
0.001
0
0
0
0
0
0
0.001
0.001
0.002
0.002
0.002
0.002
0.002
0.001
0.001
0.001
0.001
0.001
0.002
0.002
0.002
0.002
0.003
0.003
0.003
0.003
0.004
0.003
0.001
0
-0.001
-0.001
0
0.002
0.001
0
0
-0.001
-0.001
-0.001
0
0
0.001
0.002
0.002
0.003
0.002
-0.002
-0.002
-0.002
0.002
0.002
0.002
0.001
0.001
0.001
0.001
0
-0.001
-0.002
-0.002
-0.003
-0.002
0
0.001
0.002
0.003
0.003
0.001
-0.003
-0.003
-0.004
-0.004
-0.003
-0.002
-0.002
-0.002
-0.001
-0.002
-0.002
0.001
0.002
0.001
0
0
0
0.002
0.002
0.001
0.001
0
0.001
0.001
0.002
0.002
0.001
-0.002
-0.003
-0.004
-0.004
-0.002
-0.001
-0.001
0
0
0
0
0
0
0
0.001
0.002
0.003
0.002
0.002
0.001
-0.001
-0.001
0
0.001
0.001
0
-0.001
-0.001
-0.001
-0.001
0
-0.001
-0.001
0.001
0.003
0.003
0.002
-0.001
-0.003
-0.001
0.005
0.01
0.003
-0.016
0.003
0.019
-0.004
-0.007
-0.002
-0.003
-0.002
0.001
0.006
0.009
-0.001
-0.001
0.003
0
0.001
0
0
0
0
0.001
0.001
0.001
0.001
0.001
0.001
0.001
0
0
-0.001
-0.002
-0.002
-0.001
0.001
0.002
0
-0.002
-0.002
-0.001
0
0.001
0
-0.002
-0.002
-0.002
-0.002
-0.001
-0.001
-0.001
-0.001
0
0.001
0.002
0.003
0.004
0.004
0.001
-0.001
-0.002
-0.002
-0.002
-0.001
0.001
0.001
-0.001
-0.002
-0.002
-0.002
-0.001
0
-0.002
-0.004
-0.003
-0.001
0
0
0
0.001
0.002
0.002
0
-0.002
-0.003
-0.002
0
0
-0.001
-0.002
-0.003
-0.003
-0.002
-0.001
-0.001
0.001
0.004
-0.001
-0.003
-0.005
-0.004
-0.001
0
0.001
0.001
0.001
0.001
0.001
0.001
0
0
-0.001
-0.003
-0.002
-0.001
0
0.001
0.001
0.001
0.002
0
-0.001
-0.002
-0.003
