0
-0.0042272
-0.011541
-0.017616
-0.014595
-0.005579
0.0019187
0.0013651
-0.002915
-0.0062975
-0.0079199
-0.0076506
-0.0056735
-0.0053654
-0.0091498
-0.011928
-0.008196
-0.0034885
-0.0068287
-0.015039
-0.018558
-0.018819
-0.024008
-0.031084
-0.031383
-0.029952
-0.036067
-0.04054
-0.030024
-0.017451
-0.025113
-0.044014
-0.046208
-0.033595
-0.032722
-0.042743
-0.035734
-0.012817
-0.0092107
-0.029895
-0.033768
-0.0027811
0.023058
0.01047
-0.014082
-0.010333
0.014442
0.026915
0.020938
0.013459
0.0098038
0.0056506
0.0060749
0.014524
0.018552
0.0084365
-0.0059915
-0.012502
-0.013677
-0.015153
-0.016528
-0.021895
-0.036719
-0.048911
-0.041256
-0.026212
-0.033212
-0.058527
-0.065717
-0.03764
0.0071018
0.048896
0.086178
0.12084
0.15055
0.17412
0.18197
0.15416
0.096978
0.051742
0.029742
-0.013655
-0.093313
-0.14673
-0.13461
-0.1173
-0.15157
-0.17345
-0.096003
0.031459
0.088008
0.079361
0.11977
0.2321
0.30943
0.29707
0.26777
0.28009
0.2807
0.21336
0.12609
0.092689
0.097402
0.078105
0.031595
-0.003933
-0.033065
-0.085957
-0.1385
-0.13746
-0.093406
-0.064932
-0.053671
-0.012506
0.047022
0.054813
0.007489
-0.012836
0.032014
0.085546
0.10862
0.14231
0.21605
0.27839
0.27323
0.21998
0.17117
0.13399
0.077424
-0.0080322
-0.095375
-0.1624
-0.22597
-0.31488
-0.41695
-0.47416
-0.44916
-0.368
-0.27976
-0.19457
-0.097055
0.0027175
0.069142
0.089061
0.089709
0.10926
0.16471
0.24286
0.31377
0.35955
0.3872
0.40504
0.40013
0.35742
0.28529
0.20224
0.11491
0.026647
-0.056725
-0.14444
-0.24612
-0.32809
-0.33762
-0.28495
-0.23757
-0.21396
-0.16318
-0.073386
-0.0074573
0.0086514
0.034116
0.10633
0.17769
0.21078
0.25071
0.34232
0.43955
0.46198
0.39716
0.29556
0.18979
0.059707
-0.12558
-0.34996
-0.54785
-0.66883
-0.72909
-0.77777
-0.81844
-0.80853
-0.72983
-0.61478
-0.48974
-0.3454
-0.17273
0.0030242
0.14198
0.22811
0.27923
0.31768
0.33638
0.31334
0.26073
0.22733
0.22391
0.18938
0.079071
-0.055971
-0.13987
-0.17732
-0.22073
-0.28183
-0.3363
-0.37194
-0.38127
-0.36047
-0.34253
-0.36692
-0.39027
-0.32168
-0.16808
-0.037499
0.038314
0.15289
0.34708
0.51025
0.53613
0.47532
0.44184
0.43942
0.37636
0.22257
0.054691
-0.057341
-0.13013
-0.20602
-0.27951
-0.33114
-0.38143
-0.45226
-0.51512
-0.54005
-0.54788
-0.55218
-0.50561
-0.37589
-0.21528
-0.076015
0.07899
0.29022
0.49017
0.5844
0.59605
0.62044
0.67942
0.7205
0.72713
0.72909
0.72119
0.66352
0.55933
0.4586
0.37504
0.26548
0.10594
-0.06016
-0.17731
-0.24833
-0.319
-0.40643
-0.47021
-0.46003
-0.37691
-0.27256
-0.18717
-0.11061
-0.018515
0.079754
0.15594
0.21355
0.2889
0.40011
0.52051
0.61775
0.69034
0.74893
0.78697
0.79246
0.76657
0.71665
0.64858
0.57778
0.52406
0.48129
0.41495
0.30861
0.18223
0.044065
-0.13349
-0.35669
-0.57584
-0.74764
-0.8968
-1.0672
-1.2481
-1.3936
-1.4953
-1.5853
-1.6821
-1.7703
-1.8236
-1.8198
-1.7436
-1.6028
-1.433
-1.2701
-1.1234
-0.9751
-0.79571
-0.56816
-0.32308
-0.14052
-0.088747
-0.15732
-0.28453
-0.44443
-0.66302
-0.93095
-1.1587
-1.2547
-1.2126
-1.0742
-0.84664
-0.51176
-0.098459
0.32607
0.73577
1.153
1.5655
1.903
2.1171
2.2447
2.3521
2.4529
2.4993
2.4548
2.3408
2.2194
2.1333
2.0777
2.0186
1.9345
1.8237
1.6918
1.5503
1.4139
1.268
1.0645
0.78086
0.46208
0.16042
-0.13458
-0.45091
-0.74359
-0.9268
-0.9899
-0.9999
-0.9914
-0.93329
-0.80687
-0.63409
-0.42398
-0.17556
0.060789
0.21385
0.30178
0.41043
0.545
0.60945
0.57249
0.53835
0.58979
0.65093
0.58709
0.38223
0.13485
-0.078464
-0.26048
-0.4344
-0.59885
-0.74201
-0.85858
-0.946
-1.0066
-1.0549
-1.104
-1.1484
-1.1727
-1.1728
-1.1563
-1.1302
-1.0999
-1.0726
-1.0437
-0.98718
-0.87726
-0.71708
-0.53497
-0.34932
-0.15411
0.061742
0.28748
0.49233
0.64513
0.73739
0.7891
0.83042
0.87226
0.89927
0.89381
0.85876
0.80788
0.73988
0.63914
0.50686
0.3746
0.27728
0.21941
0.18225
0.15402
0.138
0.13375
0.13119
0.12731
0.13299
0.15363
0.17244
0.16524
0.12892
0.086026
0.060218
0.053937
0.05032
0.031702
-0.0077573
-0.061044
-0.11636
-0.17008
-0.23712
-0.33977
-0.48131
-0.6368
-0.77894
-0.90154
-1.0099
-1.0978
-1.1519
-1.1717
-1.1685
-1.1452
-1.0918
-1.004
-0.89505
-0.78513
-0.68822
-0.61013
-0.5518
-0.51071
-0.484
-0.47124
-0.4684
-0.46066
-0.42992
-0.37374
-0.30721
-0.24164
-0.17101
-0.083957
0.02289
0.14731
0.2841
0.42081
0.54163
0.64276
0.73406
0.81945
0.88679
0.92576
0.94235
0.94716
0.93888
0.90806
0.85048
0.77197
0.68229
0.58674
0.48371
0.37199
0.26318
0.18018
0.13905
0.13334
0.14205
0.14902
0.15188
0.15398
0.15518
0.15096
0.13525
0.10065
0.039828
-0.045178
-0.1362
-0.21089
-0.26473
-0.30795
-0.33993
-0.34199
-0.30191
-0.23059
-0.1481
-0.063612
0.023258
0.10983
0.18389
0.2282
0.23433
0.21631
0.19943
0.19225
0.18345
0.167
0.14982
0.12769
0.079992
-0.0048013
-0.11473
-0.23576
-0.36297
-0.48762
-0.59154
-0.6636
-0.70653
-0.72479
-0.71691
-0.6813
-0.62063
-0.5395
-0.44401
-0.34038
-0.22825
-0.10237
0.038707
0.18924
0.34107
0.48212
0.595
0.66475
0.69098
0.68751
0.66698
0.62995
0.57035
0.48865
0.39508
0.30059
0.20834
0.11475
0.016557
-0.085752
-0.18754
-0.28076
-0.35874
-0.42122
-0.47193
-0.51193
-0.54123
-0.5618
-0.57191
-0.56558
-0.54488
-0.52122
-0.49447
-0.44621
-0.36758
-0.27475
-0.18078
-0.070938
0.069525
0.22416
0.36405
0.48542
0.60399
0.72441
0.83484
0.92413
0.98632
1.0145
1.0036
0.95523
0.87468
0.76785
0.6437
0.51278
0.38209
0.25708
0.14495
0.049971
-0.029623
-0.092335
-0.13082
-0.14446
-0.14837
-0.16081
-0.18775
-0.22465
-0.26883
-0.32177
-0.38289
-0.44636
-0.50416
-0.55301
-0.59895
-0.65119
-0.70942
-0.76479
-0.81259
-0.8551
-0.89016
-0.91129
-0.91914
-0.91887
-0.90345
-0.85768
-0.78251
-0.69668
-0.60678
-0.49733
-0.35845
-0.2034
-0.047898
0.10723
0.26447
0.41678
0.55298
0.66169
0.72688
0.73989
0.71961
0.69887
0.68413
0.65084
0.58838
0.5244
0.49146
0.48759
0.48704
0.47577
0.46075
0.45298
0.45566
0.46724
0.4866
0.51478
0.55282
0.59437
0.62294
0.62512
0.60444
0.57265
0.53102
0.473
0.40349
0.33993
0.29286
0.25811
0.22932
0.20434
0.18024
0.15434
0.13049
0.11296
0.097631
0.07962
0.065919
0.067918
0.084914
0.10447
0.11565
0.11329
0.095108
0.063217
0.024704
-0.015037
-0.055508
-0.096394
-0.13688
-0.17917
-0.22455
-0.26884
-0.30907
-0.35141
-0.40243
-0.45782
-0.50806
-0.55129
-0.59144
-0.63074
-0.67168
-0.71835
-0.76712
-0.80474
-0.823
-0.82657
-0.82002
-0.79783
-0.75463
-0.69604
-0.63233
-0.5682
-0.50373
-0.43699
-0.36344
-0.27918
-0.18978
-0.10728
-0.037259
0.024021
0.077501
0.1162
0.13491
0.13751
0.13025
0.11254
0.081502
0.043205
0.012066
-0.0029383
-0.0048626
0.00015452
0.011908
0.033102
0.062688
0.098178
0.13837
0.18019
0.21728
0.25089
0.2922
0.34825
0.4098
0.46265
0.5021
0.53088
0.55019
0.5603
0.56111
0.54592
0.50575
0.44287
0.37079
0.29422
0.20707
0.11233
0.030023
-0.027433
-0.067221
-0.098459
-0.11843
-0.12632
-0.1323
-0.142
-0.14628
-0.13597
-0.11524
-0.089951
-0.056031
-0.0081369
0.047656
0.097613
0.12985
0.13773
0.1204
0.084283
0.040014
-0.0054969
-0.049721
-0.088064
-0.11293
-0.12352
-0.12784
-0.13129
-0.12846
-0.11317
-0.089194
-0.063949
-0.036363
-0.0017106
0.036928
0.073018
0.10735
0.14317
0.1754
0.19716
0.21308
0.23391
0.26022
0.28208
0.29511
0.3054
0.31699
0.32167
0.30773
0.27612
0.23993
0.2051
0.16293
0.10876
0.054199
0.0090247
-0.035934
-0.091384
-0.14879
-0.19555
-0.24055
-0.29927
-0.36407
-0.4128
-0.44095
-0.46092
-0.47558
-0.47556
-0.46022
-0.44179
-0.42702
-0.41104
-0.38969
-0.36595
-0.3415
-0.31331
-0.28121
-0.24995
-0.22096
-0.18926
-0.15157
-0.11208
-0.077643
-0.049445
-0.022482
0.007569
0.038338
0.06389
0.08281
0.1016
0.12558
0.14882
0.15811
0.1484
0.12832
0.11028
0.10045
0.098769
0.10346
0.11239
0.12263
0.12987
0.12991
0.1218
0.10801
0.091412
0.073637
0.05727
0.044437
0.032774
0.015706
-0.010156
-0.042525
-0.078856
-0.11916
-0.16297
-0.21005
-0.26176
-0.31551
-0.35909
-0.3815
-0.3847
-0.3767
-0.35333
-0.30338
-0.22874
-0.14733
-0.070524
0.0065833
0.086954
0.15478
0.19209
0.20231
0.20296
0.19925
0.17877
0.13212
0.066899
-0.0011363
-0.063305
-0.11899
-0.16674
-0.20053
-0.21397
-0.20641
-0.18259
-0.1484
-0.10756
-0.061836
-0.01149
0.043453
0.10016
0.1509
0.18909
0.2176
0.24586
0.27796
0.30955
0.3368
0.36223
0.38978
0.41854
0.4459
0.47247
0.50005
0.52748
0.55422
0.58273
0.61282
0.63717
0.64833
0.64533
0.62765
0.58944
0.52867
0.45598
0.38317
0.30977
0.23047
0.14889
0.073902
0.0081256
-0.051569
-0.10625
-0.15543
-0.2011
-0.24491
-0.2836
-0.31307
-0.33218
-0.34242
-0.34743
-0.35293
-0.36236
-0.3739
-0.38467
-0.3955
-0.40927
-0.42551
-0.43974
-0.44767
-0.44936
-0.44851
-0.44666
-0.43945
-0.42262
-0.40016
-0.37889
-0.35586
-0.31995
-0.26769
-0.20703
-0.14434
-0.077452
-0.0064565
0.061039
0.12055
0.17714
0.23453
0.28621
0.32358
0.34539
0.35383
0.34714
0.32242
0.28055
0.22417
0.15437
0.074778
-0.0056987
-0.078213
-0.14138
-0.19803
-0.248
-0.28711
-0.31283
-0.32573
-0.32624
-0.31321
-0.28799
-0.25611
-0.22224
-0.18464
-0.13839
-0.082582
-0.022126
0.037876
0.096322
0.15559
0.21711
0.27967
0.34149
0.40373
0.46847
0.53234
0.58463
0.61477
0.62022
0.60493
0.57287
0.52627
0.46721
0.39806
0.3214
0.24181
0.16502
0.093854
0.02751
-0.034216
-0.089213
-0.13616
-0.17561
-0.20672
-0.22713
-0.23782
-0.24513
-0.25468
-0.26612
-0.27536
-0.28095
-0.28508
-0.28775
-0.28327
-0.26661
-0.24192
-0.21875
-0.1997
-0.17811
-0.15028
-0.12234
-0.10169
-0.087351
-0.073593
-0.057887
-0.042675
-0.031799
-0.028768
-0.034893
-0.048883
-0.069415
-0.097508
-0.13183
-0.16488
-0.18819
-0.2
-0.20455
-0.20648
-0.20734
-0.20491
-0.19537
-0.17905
-0.16128
-0.14557
-0.12845
-0.10627
-0.081753
-0.059968
-0.040306
-0.019358
0.0036349
0.0278
0.053359
0.078649
0.10012
0.11714
0.1327
0.14844
0.16384
0.17938
0.19588
0.21238
0.22852
0.247
0.26816
0.28672
0.29863
0.30774
0.31986
0.33454
0.34664
0.35287
0.35293
0.34746
0.33715
0.32195
0.30044
0.27234
0.2403
0.20621
0.16725
0.11926
0.062548
0.0011108
-0.062766
-0.12894
-0.19591
-0.25982
-0.31751
-0.36647
-0.40311
-0.42412
-0.43103
-0.42962
-0.42253
-0.406
-0.37724
-0.34093
-0.30215
-0.25883
-0.20775
-0.15404
-0.10482
-0.059403
-0.013834
0.028854
0.062836
0.088603
0.11012
0.12765
0.14045
0.15064
0.15856
0.16031
0.15409
0.14196
0.1237
0.096726
0.062984
0.026463
-0.014188
-0.062627
-0.11415
-0.15763
-0.18635
-0.20148
-0.20531
-0.19808
-0.18068
-0.15674
-0.13066
-0.10412
-0.074386
-0.038369
0.0014281
0.038086
0.067595
0.091064
0.11003
0.12463
0.13597
0.14602
0.15513
0.16234
0.16687
0.16634
0.15671
0.13681
0.11035
0.080596
0.04781
0.013471
-0.018401
-0.045805
-0.069691
-0.089434
-0.10213
-0.10751
-0.10832
-0.10555
-0.097997
-0.087575
-0.078619
-0.071836
-0.064155
-0.055714
-0.050002
-0.047007
-0.042835
-0.03796
-0.038251
-0.046409
-0.057865
-0.067326
-0.073208
-0.074299
-0.067755
-0.052787
-0.031679
-0.0053109
0.026774
0.062548
0.097945
0.13249
0.16817
0.20395
0.23525
0.25982
0.27961
0.29634
0.30896
0.31611
0.31822
0.31578
0.30831
0.29545
0.27798
0.2577
0.23717
0.21863
0.20185
0.18385
0.16212
0.13679
0.10898
0.078864
0.047161
0.016502
-0.011013
-0.036407
-0.062014
-0.088318
-0.11495
-0.14286
-0.17346
-0.20594
-0.23749
-0.26423
-0.28232
-0.28931
-0.28671
-0.27903
-0.26921
-0.25559
-0.23501
-0.20872
-0.18287
-0.16203
-0.14345
-0.12172
-0.096694
-0.073168
-0.051298
-0.024379
0.012209
0.053249
0.089224
0.11428
0.12699
0.12672
0.11314
0.086549
0.047204
-0.003053
-0.059034
-0.11412
-0.16428
-0.20612
-0.23395
-0.24303
-0.23465
-0.21285
-0.17821
-0.12956
-0.070105
-0.0061122
0.058186
0.12064
0.17803
0.22815
0.27065
0.30334
0.32134
0.32339
0.31406
0.29649
0.2695
0.23458
0.19841
0.16381
0.12603
0.082481
0.039095
0.0025476
-0.027973
-0.056747
-0.084186
-0.10752
-0.12494
-0.13624
-0.14175
-0.1414
-0.13416
-0.11933
-0.099626
-0.080233
-0.063852
-0.048899
-0.033501
-0.018258
-0.0039881
0.0096873
0.022146
0.031448
0.036625
0.038182
0.036162
0.03041
0.021894
0.012525
0.0033556
-0.0052983
-0.012917
-0.018646
-0.022085
-0.023322
-0.023711
-0.025329
-0.028899
-0.033081
-0.037863
-0.045882
-0.05904
-0.075203
-0.091215
-0.10708
-0.12471
-0.14315
-0.1595
-0.17341
-0.18691
-0.19909
-0.20528
-0.2026
-0.19389
-0.18363
-0.17223
-0.15712
-0.1386
-0.12032
-0.10424
-0.087593
-0.067378
-0.0443
-0.02212
-0.0033052
0.011566
0.022844
0.03094
0.03712
0.042828
0.04894
0.055935
0.064438
0.074254
0.083338
0.089476
0.093116
0.096747
0.10092
0.10304
0.1023
0.10229
0.10582
0.10965
0.10919
0.10557
0.10333
0.10256
0.099548
0.093731
0.088046
0.083397
0.078374
0.073413
0.070439
0.069478
0.069446
0.070707
0.072916
0.072779
0.067946
0.061062
0.05625
0.053759
0.05093
0.046958
0.043901
0.043356
0.043991
0.043593
0.042872
0.045541
0.053309
0.063012
0.070773
0.076414
0.080591
0.080702
0.073711
0.060914
0.046001
0.030067
0.011826
-0.0084649
-0.028539
-0.046135
-0.060545
-0.072618
-0.083623
-0.09237
-0.095903
-0.09369
-0.088434
-0.080785
-0.067685
-0.048171
-0.025934
-0.0041498
0.017172
0.036531
0.050278
0.057802
0.062145
0.064406
0.063538
0.062065
0.065488
0.074454
0.082983
0.086762
0.087801
0.088951
0.088252
0.08132
0.066828
0.046337
0.020476
-0.011742
-0.048279
-0.082202
-0.10763
-0.12587
-0.14196
-0.15641
-0.16493
-0.16545
-0.16062
-0.15335
-0.14398
-0.13411
-0.12802
-0.12703
-0.12553
-0.11759
-0.10418
-0.08981
-0.073526
-0.049884
-0.018851
0.012025
0.038073
0.062633
0.087561
0.10708
0.1164
0.11997
0.12251
0.11833
0.098181
0.064841
0.031005
0.0020781
-0.028985
-0.067372
-0.10567
-0.13299
-0.14825
-0.15885
-0.16884
-0.17556
-0.17651
-0.1732
-0.16651
-0.15418
-0.13539
-0.11392
-0.093962
-0.075173
-0.054109
-0.028731
-0.00058698
0.027383
0.053555
0.079653
0.10794
0.13737
0.16362
0.18493
0.20325
0.21855
0.22661
0.22484
0.2161
0.20387
0.18797
0.16669
0.14059
0.11207
0.083821
0.057134
0.030006
0.00030159
-0.028198
-0.048925
-0.062144
-0.071962
-0.077117
-0.075233
-0.07164
-0.071664
-0.071359
-0.067586
-0.067224
-0.073983
-0.073939
-0.058224
-0.041405
-0.041977
-0.05124
-0.05357
-0.050688
-0.053151
-0.057578
-0.057212
-0.0572
-0.065491
-0.076977
-0.082711
-0.085154
-0.090587
-0.096143
-0.095447
-0.088895
-0.08167
-0.07705
-0.074685
-0.071145
-0.062993
-0.052155
-0.044804
-0.041919
-0.035923
-0.021032
-0.0013255
0.01633
0.032566
0.052587
0.076682
0.099788
0.11811
0.13157
0.1403
0.14325
0.13931
0.12824
0.11013
0.086574
0.060568
0.035221
0.012286
-0.0068334
-0.020887
-0.028761
-0.028911
-0.018798
0.0020569
0.028167
0.050628
0.066157
0.079875
0.096136
0.11027
0.11477
0.11067
0.10601
0.1029
0.094305
0.076554
0.057338
0.045628
0.039282
0.029798
0.016024
0.0059652
0.0055703
0.012505
0.022097
0.033178
0.045459
0.055821
0.061558
0.063899
0.064967
0.063361
0.057227
0.048481
0.040014
0.030511
0.017422
0.0029699
-0.0077655
-0.013351
-0.016197
-0.017412
-0.016379
-0.013995
-0.012381
-0.011646
-0.010841
-0.010508
-0.011516
-0.012038
-0.009345
-0.003488
0.0025277
0.0057899
0.0043575
-0.003393
-0.017346
-0.034681
-0.052209
-0.069594
-0.0882
-0.10835
-0.12871
-0.14853
-0.16877
-0.18983
-0.20872
-0.22037
-0.22226
-0.21553
-0.20162
-0.17938
-0.14789
-0.10923
-0.066528
-0.020672
0.026535
0.06957
0.10318
0.12796
0.14698
0.1599
0.16514
0.1647
0.16166
0.15553
0.145
0.13175
0.11732
0.099672
0.077665
0.055756
0.039881
0.03154
0.028595
0.028699
0.029431
0.028651
0.025739
0.02006
0.0094473
-0.0059019
-0.020592
-0.03028
-0.037873
-0.048153
-0.0594
-0.066726
-0.070155
-0.073171
-0.075584
-0.074335
-0.069744
-0.065504
-0.063106
-0.060509
-0.056055
-0.050406
-0.044087
-0.035761
-0.024228
-0.010863
0.002231
0.015605
0.032305
0.05334
0.075628
0.095549
0.11247
0.12695
0.13785
0.14336
0.14303
0.13758
0.12818
0.11587
0.10065
0.081694
0.059649
0.036408
0.011353
-0.018195
-0.05147
-0.083303
-0.11112
-0.13663
-0.15812
-0.1686
-0.16474
-0.15061
-0.12944
-0.10057
-0.066624
-0.03594
-0.013642
0.0024928
0.016368
0.029246
0.041256
0.050334
0.050865
0.039694
0.020294
-0.0031041
-0.031303
-0.0635
-0.093238
-0.116
-0.13536
-0.15465
-0.1703
-0.1786
-0.18204
-0.1839
-0.18265
-0.17609
-0.16506
-0.15017
-0.12985
-0.10437
-0.076472
-0.04722
-0.015628
0.01724
0.04852
0.077618
0.10616
0.13391
0.15843
0.17845
0.19366
0.20231
0.20222
0.19378
0.17899
0.15856
0.1327
0.10373
0.075362
0.04937
0.025547
0.0039051
-0.014609
-0.030119
-0.044025
-0.057341
-0.069144
-0.077674
-0.082879
-0.087267
-0.092884
-0.097963
-0.099163
-0.096557
-0.092805
-0.086748
-0.072986
-0.049798
-0.02351
-0.0014811
0.0151
0.029157
0.041602
0.051304
0.058451
0.065092
0.072519
0.080826
0.090264
0.10186
0.11559
0.12884
0.13688
0.13592
0.1255
0.10775
0.084474
0.056585
0.025994
-0.0042644
-0.032432
-0.057816
-0.078897
-0.094067
-0.10427
-0.11127
-0.1139
-0.11085
-0.1057
-0.10315
-0.1003
-0.089891
-0.070963
-0.049032
-0.025013
0.0058423
0.043615
0.080724
0.11202
0.13766
0.15693
0.16641
0.16543
0.15456
0.13269
0.10002
0.062747
0.027009
-0.0076088
-0.044123
-0.080255
-0.11099
-0.13523
-0.15498
-0.1707
-0.18061
-0.18244
-0.17434
-0.15643
-0.13068
-0.098562
-0.059954
-0.01591
0.031386
0.081532
0.13576
0.19089
0.24061
0.28173
0.31524
0.33924
0.34793
0.33756
0.30978
0.26822
0.21625
0.1581
0.098222
0.04003
-0.012551
-0.054337
-0.083554
-0.10413
-0.12043
-0.1313
-0.13248
-0.1219
-0.1015
-0.075689
-0.048712
-0.021826
0.0064393
0.03548
0.061041
0.080018
0.094969
0.10927
0.12147
0.12687
0.12373
0.11387
0.099655
0.081826
0.058912
0.029137
-0.0056657
-0.039269
-0.068001
-0.094352
-0.12154
-0.14766
-0.17022
-0.19092
-0.21155
-0.22857
-0.23766
-0.23928
-0.23559
-0.22563
-0.20817
-0.18503
-0.15873
-0.13116
-0.10601
-0.087267
-0.074509
-0.065109
-0.060329
-0.062448
-0.067504
-0.068095
-0.063289
-0.058182
-0.054636
-0.049135
-0.038957
-0.025061
-0.0093226
0.0059927
0.018536
0.027657
0.034391
0.037721
0.035849
0.030952
0.027945
0.026964
0.023447
0.015538
0.0064961
-0.0016412
-0.010377
-0.020781
-0.031042
-0.03965
-0.04703
-0.054261
-0.061984
-0.070631
-0.079877
-0.088163
-0.093582
-0.094665
-0.090076
-0.078328
-0.058653
-0.031541
0.0012252
0.036985
0.072878
0.10679
0.13701
0.1615
0.17816
0.18672
0.18888
0.18622
0.17913
0.16869
0.15741
0.14696
0.13644
0.12362
0.10722
0.088323
0.07015
0.056133
0.046224
0.03633
0.023864
0.012029
0.0039087
-0.0038534
-0.015502
-0.027076
-0.031114
-0.027969
-0.025168
-0.025424
-0.024559
-0.020511
-0.017033
-0.016293
-0.016208
-0.015278
-0.015223
-0.016839
-0.018481
-0.018926
-0.018977
-0.019316
-0.019297
-0.018113
-0.015151
-0.0099683
-0.0024747
0.0067944
0.017997
0.031379
0.045514
0.05752
0.065266
0.06783
0.064226
0.054681
0.041105
0.024824
0.0043615
-0.020131
-0.043462
-0.059722
-0.069217
-0.076368
-0.082915
-0.087534
-0.089771
-0.090583
-0.089835
-0.087201
-0.08326
-0.078656
-0.073948
-0.07152
-0.072894
-0.074343
-0.070437
-0.062623
-0.057311
-0.055144
-0.04935
-0.036246
-0.020581
-0.0074691
0.0035694
0.015598
0.029528
0.045787
0.064407
0.083117
0.098135
0.10903
0.11807
0.12439
0.12392
0.1155
0.10208
0.085373
0.065097
0.043659
0.026215
0.013255
-0.00035813
-0.016658
-0.028754
-0.029961
-0.02265
-0.0151
-0.010171
-0.0036417
0.0086953
0.025276
0.042457
0.058885
0.074998
0.091489
0.10913
0.12792
0.14453
0.15501
0.15822
0.15594
0.14802
0.13405
0.11751
0.10416
0.093727
0.08098
0.064541
0.049563
0.039522
0.032217
0.024975
0.018565
0.013961
0.0095159
0.0034322
-0.0045219
-0.014093
-0.025763
-0.039622
-0.055269
-0.071731
-0.087482
-0.10054
-0.11062
-0.11949
-0.12864
-0.13732
-0.14403
-0.14825
-0.14987
-0.14817
-0.14232
-0.13239
-0.11945
-0.10526
-0.091379
-0.078151
-0.065289
-0.053254
-0.043584
-0.037354
-0.03464
-0.034807
-0.037034
-0.040611
-0.045983
-0.054966
-0.068075
-0.083049
-0.097424
-0.11138
-0.12501
-0.13507
-0.13712
-0.13011
-0.11656
-0.099233
-0.079522
-0.057918
-0.035167
-0.012889
0.0061629
0.019993
0.028663
0.033455
0.034417
0.031262
0.024716
0.016336
0.007335
-0.00061687
-0.0059644
-0.0088661
-0.010945
-0.01195
-0.010076
-0.0056107
-0.0014418
0.0018765
0.0073458
0.016393
0.026523
0.03598
0.046925
0.060834
0.075003
0.08621
0.094648
0.1009
0.10224
0.095897
0.084102
0.072577
0.065008
0.061548
0.061522
0.065347
0.073909
0.086464
0.099638
0.10964
0.11619
0.12173
0.12578
0.12307
0.10994
0.089428
0.066681
0.042697
0.016317
-0.010562
-0.03398
-0.052356
-0.066134
-0.075157
-0.078838
-0.077884
-0.072965
-0.063339
-0.049325
-0.034201
-0.021716
-0.012262
-0.0043497
0.0025007
0.0075228
0.010913
0.013773
0.016005
0.016072
0.01353
0.010087
0.0073503
0.0044912
0.0005325
-0.0032752
-0.0047066
-0.0042757
-0.004009
-0.0042417
-0.0041316
-0.0045792
-0.0070689
-0.0097088
-0.0093065
-0.0058884
-0.0025865
8.4033E-06
0.0031888
0.0070402
0.010077
0.013145
0.017395
0.021263
0.021498
0.017862
0.012403
0.006278
-0.00026035
-0.0065481
-0.01207
-0.016724
-0.018953
-0.016912
-0.011205
-0.0047006
0.0018518
0.010093
0.020248
0.029887
0.037546
0.043484
0.047469
0.048482
0.046745
0.042972
0.036233
0.025199
0.011493
-0.0017078
-0.013862
-0.026217
-0.037831
-0.047009
-0.055285
-0.064402
-0.070775
-0.069378
-0.06272
-0.057965
-0.05612
-0.051059
-0.040691
-0.029781
-0.02185
-0.01443
-0.0057156
0.0020239
0.0061871
0.0073758
0.0078298
0.0099395
0.014875
0.021191
0.025874
0.028076
0.029244
0.03009
0.029762
0.028318
0.026608
0.024264
0.020622
0.016822
0.014959
0.015043
0.016008
0.01776
0.020884
0.024984
0.029225
0.033079
0.036058
0.037718
0.037557
0.034847
0.028543
0.018446
0.0056559
-0.0086061
-0.024366
-0.041505
-0.058518
-0.073603
-0.085979
-0.094733
-0.097827
-0.094245
-0.086084
-0.076805
-0.067012
-0.05452
-0.03794
-0.018946
-0.00059259
0.014903
0.027173
0.036834
0.043948
0.047579
0.04792
0.04727
0.047564
0.047533
0.044577
0.03819
0.029601
0.018891
0.0054528
-0.0097251
-0.024948
-0.039888
-0.054742
-0.068032
-0.078007
-0.084064
-0.086303
-0.08369
-0.075706
-0.063642
-0.049706
-0.034641
-0.018523
-0.002429
0.011953
0.023509
0.0319
0.036924
0.038848
0.038085
0.034884
0.028661
0.018939
0.0062501
-0.0074989
-0.020202
-0.030755
-0.039498
-0.046832
-0.051405
-0.050521
-0.043
-0.030663
-0.016536
-0.0023688
0.01084
0.021377
0.027224
0.028448
0.02768
0.028233
0.03112
0.03436
0.035507
0.034859
0.034588
0.035379
0.035406
0.033443
0.030292
0.026794
0.02187
0.014779
0.0062081
-0.0027222
-0.011402
-0.018465
-0.02321
-0.026286
-0.028228
-0.027392
-0.023435
-0.018834
-0.01539
-0.010999
-0.0040947
0.0028128
0.0069756
0.0094388
0.012122
0.014436
0.015666
0.016108
0.014835
0.010941
0.0078803
0.0098889
0.014505
0.015085
0.011058
0.0080928
0.0084194
0.0084728
0.0063386
0.0048774
0.0061039
0.0081764
0.0088434
0.0088215
0.010459
0.015593
0.023991
0.032871
0.039168
0.042839
0.045749
0.048044
0.048001
0.045116
0.040636
0.035146
0.027118
0.015592
0.001801
-0.011858
-0.024434
-0.035544
-0.043845
-0.046856
-0.044224
-0.038109
-0.029708
-0.017337
-0.00079192
0.016185
0.029768
0.040223
0.048583
0.053085
0.051539
0.045683
0.038944
0.032029
0.023574
0.013756
0.0043762
-0.0042265
-0.013416
-0.024347
-0.036116
-0.046025
-0.051379
-0.052231
-0.050388
-0.045921
-0.037185
-0.025106
-0.014031
-0.0064738
0.000049277
0.0090041
0.019364
0.026924
0.028762
0.024766
0.016673
0.0073242
-0.0012729
-0.0095147
-0.017761
-0.024066
-0.026551
-0.026625
-0.026154
-0.024162
-0.018732
-0.011191
-0.0043949
0.00090394
0.0051115
0.0070901
0.0058567
0.0032041
0.0010605
-0.0010025
-0.0035576
-0.0050494
-0.0048102
-0.0042639
-0.0035837
-0.00044344
0.0059216
0.012998
0.018793
0.024288
0.030279
0.03477
0.035998
0.035083
0.033502
0.031331
0.02885
0.027025
0.025573
0.02284
0.017476
0.0093112
-0.00082319
-0.01137
-0.020607
-0.027948
-0.034316
-0.040669
-0.046652
-0.051011
-0.052387
-0.049607
-0.042584
-0.032476
-0.020161
-0.0053321
0.0114
0.027722
0.04189
0.054478
0.066112
0.075271
0.080235
0.081652
0.081124
0.077996
0.07016
0.057485
0.042444
0.027382
0.013048
-0.00031291
-0.012103
-0.021514
-0.027595
-0.03018
-0.030826
-0.031067
-0.029963
-0.025449
-0.018248
-0.011794
-0.0083739
-0.0070806
-0.0060188
-0.0045281
-0.0034458
-0.0046116
-0.008908
-0.014276
-0.018087
-0.02172
-0.028864
-0.038799
-0.046055
-0.048058
-0.048927
-0.053003
-0.058989
-0.063099
-0.064821
-0.066071
-0.067198
-0.066875
-0.06525
-0.064124
-0.06395
-0.062991
-0.060285
-0.056991
-0.053885
-0.049827
-0.044056
-0.037808
-0.032232
-0.026454
-0.01925
-0.01109
-0.0034085
0.0028688
0.0074574
0.010265
0.011629
0.012002
0.011876
0.011945
0.012897
0.014607
0.016504
0.019073
0.023305
0.028657
0.033202
0.03673
0.041359
0.048314
0.056233
0.063071
0.067821
0.069988
0.069736
0.067825