0
0.0051625
0.014034
0.020228
0.021533
0.020498
0.018046
0.022558
0.040163
0.052053
0.035768
0.0079976
0.0073378
0.030689
0.031736
0.0044555
-0.0040569
0.01899
0.028022
0.014007
0.021824
0.051179
0.039703
-0.023257
-0.065241
-0.043804
-0.0094208
-0.016322
-0.046648
-0.053349
-0.021402
0.040699
0.10821
0.13638
0.1032
0.055047
0.059597
0.11246
0.12919
0.046573
-0.089702
-0.16742
-0.13138
-0.037486
0.019109
0.012352
-0.010064
-0.0036432
0.027941
0.061285
0.060495
-0.0024377
-0.10449
-0.16315
-0.13296
-0.064514
-0.020646
0.030109
0.1386
0.24301
0.22275
0.070288
-0.089111
-0.14913
-0.12988
-0.12134
-0.16005
-0.19221
-0.15609
-0.082868
-0.064404
-0.09845
-0.055773
0.11051
0.23684
0.17081
0.026386
0.011409
0.086538
0.022605
-0.19211
-0.287
-0.11047
0.13236
0.18334
0.06593
-0.014987
0.017944
0.055313
-0.006567
-0.11307
-0.13479
-0.054783
-0.01537
-0.12047
-0.24519
-0.18044
0.048007
0.18897
0.15242
0.12428
0.23397
0.31437
0.18109
-0.079239
-0.23666
-0.23593
-0.18508
-0.14796
-0.077563
0.044165
0.12788
0.075332
-0.07655
-0.177
-0.15725
-0.1205
-0.17168
-0.23483
-0.17531
-0.024936
0.071013
0.074109
0.059988
0.049266
-0.0054636
-0.092775
-0.11997
-0.036654
0.090253
0.13345
0.043737
-0.05959
-0.0046888
0.19304
0.31264
0.23154
0.079865
0.0084058
-0.027316
-0.12546
-0.25651
-0.34103
-0.3496
-0.26118
-0.09104
0.01131
-0.059367
-0.11865
0.062941
0.30197
0.20891
-0.14269
-0.23508
0.10206
0.40978
0.2941
-0.031597
-0.15
-0.028579
0.071177
0.025732
-0.059435
-0.080499
-0.071201
-0.14434
-0.33049
-0.47575
-0.39612
-0.1731
-0.11083
-0.2703
-0.30384
0.070955
0.61776
0.86802
0.69008
0.36117
0.17787
0.21219
0.34527
0.37707
0.16798
-0.21712
-0.53323
-0.58944
-0.43136
-0.27867
-0.29421
-0.42906
-0.49814
-0.4309
-0.37848
-0.47043
-0.53532
-0.27926
0.27557
0.74439
0.83534
0.66177
0.56772
0.72849
0.99288
1.082
0.95482
0.88235
1.0867
1.3434
1.1703
0.39656
-0.6424
-1.524
-2.0627
-2.1944
-1.8231
-0.96456
0.11364
1.0468
1.6109
1.7914
1.7112
1.5397
1.3745
1.2041
1.0268
0.93882
1.0245
1.2504
1.5338
1.8153
1.9664
1.7824
1.1772
0.30467
-0.63214
-1.527
-2.2779
-2.7179
-2.7808
-2.5989
-2.3635
-2.1606
-1.9986
-1.8989
-1.8986
-1.9961
-2.1191
-2.1531
-2.0745
-2.0389
-2.2044
-2.4618
-2.5114
-2.226
-1.7675
-1.318
-0.88714
-0.42906
0.033559
0.47786
0.91692
1.3156
1.5954
1.7615
1.8972
2.0231
2.0837
2.0959
2.1588
2.278
2.3012
2.1048
1.7375
1.3146
0.89369
0.52199
0.3044
0.28174
0.33737
0.30755
0.18995
0.1287
0.23866
0.49397
0.78827
1.0117
1.0962
1.0462
0.92588
0.76585
0.52176
0.1557
-0.28893
-0.73159
-1.1194
-1.4036
-1.5126
-1.4351
-1.3192
-1.3655
-1.5872
-1.7795
-1.7916
-1.7184
-1.7124
-1.6783
-1.3531
-0.71798
-0.10265
0.23379
0.43725
0.77543
1.214
1.4936
1.5167
1.3968
1.213
0.98015
0.81956
0.86784
1.0183
1.0395
0.96718
1.067
1.3968
1.7137
1.873
2.0051
2.1896
2.2279
1.8907
1.2244
0.48072
-0.12226
-0.51379
-0.73756
-0.85283
-0.8376
-0.63523
-0.29353
0.039127
0.28132
0.46665
0.63841
0.81181
1.0378
1.3512
1.6642
1.8349
1.848
1.8155
1.8097
1.7632
1.511
0.9367
0.15494
-0.50013
-0.80009
-0.88336
-1.0464
-1.3454
-1.5922
-1.6956
-1.7782
-1.9334
-2.0891
-2.1729
-2.2335
-2.3189
-2.3767
-2.3659
-2.3589
-2.4527
-2.6358
-2.815
-2.9107
-2.8428
-2.529
-1.989
-1.4277
-1.0551
-0.8891
-0.77401
-0.61351
-0.45409
-0.37734
-0.3775
-0.38874
-0.3569
-0.2546
-0.070437
0.17228
0.38694
0.46169
0.34337
0.092482
-0.16227
-0.321
-0.37079
-0.34211
-0.24117
-0.049516
0.19688
0.38531
0.43679
0.41295
0.42633
0.47084
0.4338
0.27176
0.061526
-0.12332
-0.27677
-0.36891
-0.31613
-0.091482
0.20519
0.4459
0.58067
0.63851
0.6611
0.66813
0.66627
0.68182
0.74328
0.81278
0.79379
0.67486
0.61945
0.77738
1.0454
1.1472
0.97702
0.69953
0.5308
0.53158
0.652
0.83755
1.0403
1.1843
1.1763
0.9613
0.56904
0.11683
-0.27556
-0.56111
-0.76366
-0.9257
-1.0713
-1.1681
-1.0994
-0.75262
-0.1728
0.42044
0.83759
1.0621
1.1737
1.212
1.1609
0.99904
0.74626
0.4786
0.2825
0.17967
0.12714
0.094597
0.091355
0.11494
0.15229
0.23535
0.40302
0.59346
0.68127
0.62602
0.49431
0.33975
0.17083
0.023067
-0.042087
-0.017279
0.051004
0.13796
0.24648
0.34785
0.38497
0.33465
0.23105
0.1353
0.09034
0.073636
0.01643
-0.097744
-0.20966
-0.30222
-0.43699
-0.61347
-0.74193
-0.82592
-0.96968
-1.1003
-0.91342
-0.32462
0.26677
0.40783
0.14833
-0.12423
-0.19046
-0.1114
0.022158
0.16651
0.23953
0.16559
-0.0033937
-0.14304
-0.20586
-0.23118
-0.25955
-0.31194
-0.39434
-0.477
-0.51188
-0.49051
-0.43969
-0.36255
-0.24017
-0.092753
0.012007
0.025978
-0.035228
-0.11534
-0.16247
-0.15673
-0.12355
-0.1126
-0.14729
-0.19219
-0.19291
-0.1478
-0.11728
-0.15111
-0.22829
-0.28286
-0.26541
-0.17161
-0.037088
0.076551
0.11559
0.083247
0.041375
0.036871
0.045106
0.012925
-0.058925
-0.12373
-0.15828
-0.18505
-0.22082
-0.25002
-0.24613
-0.19611
-0.10119
0.0090415
0.080237
0.08511
0.067843
0.093123
0.16818
0.24371
0.27964
0.27697
0.26515
0.2864
0.37197
0.5043
0.61705
0.66106
0.64139
0.5806
0.48055
0.34494
0.199
0.070639
-0.019274
-0.039584
0.039134
0.20046
0.38008
0.5159
0.5795
0.57153
0.51638
0.45326
0.40343
0.35183
0.27679
0.18188
0.087083
0.0094208
-0.039101
-0.059539
-0.073262
-0.10118
-0.14025
-0.17752
-0.21053
-0.23103
-0.21641
-0.16779
-0.13086
-0.14558
-0.20263
-0.27142
-0.33903
-0.40401
-0.46476
-0.52583
-0.58719
-0.62578
-0.6188
-0.57948
-0.54111
-0.51364
-0.48656
-0.45632
-0.42258
-0.37385
-0.31114
-0.26525
-0.26689
-0.30923
-0.35804
-0.38147
-0.36938
-0.33764
-0.31251
-0.29825
-0.27201
-0.21723
-0.14046
-0.045795
0.071454
0.19405
0.27904
0.30493
0.28904
0.25534
0.21507
0.18434
0.17764
0.18056
0.16863
0.15363
0.17099
0.22363
0.27984
0.31951
0.35179
0.38865
0.4267
0.45191
0.45071
0.41303
0.33634
0.22852
0.1094
0.012663
-0.032503
-0.036077
-0.040964
-0.058852
-0.055614
-0.0135
0.034919
0.063142
0.093463
0.15341
0.22481
0.27009
0.28054
0.26725
0.23702
0.19759
0.15855
0.11004
0.034887
-0.052702
-0.11681
-0.15561
-0.20639
-0.28572
-0.36523
-0.41959
-0.46084
-0.50217
-0.52373
-0.49461
-0.41283
-0.30207
-0.18594
-0.073905
0.028591
0.11031
0.15549
0.15728
0.12525
0.072647
-0.0027143
-0.1048
-0.21226
-0.29163
-0.34102
-0.38901
-0.44643
-0.48681
-0.48264
-0.43519
-0.35609
-0.25653
-0.16142
-0.1028
-0.078193
-0.054082
-0.01617
0.0099604
-0.0012204
-0.046869
-0.1111
-0.17882
-0.2283
-0.24276
-0.22975
-0.20229
-0.14954
-0.060899
0.039943
0.11953
0.18253
0.25381
0.32921
0.3762
0.38079
0.3578
0.33221
0.32532
0.34851
0.3895
0.42649
0.45755
0.49949
0.55033
0.58238
0.57901
0.5559
0.53317
0.5092
0.4696
0.40706
0.32628
0.24
0.1643
0.11134
0.083106
0.07287
0.071598
0.07083
0.062651
0.043286
0.01767
-0.0010252
-0.0067023
-0.013806
-0.046284
-0.10522
-0.16505
-0.19944
-0.20117
-0.16764
-0.091956
0.022443
0.14658
0.25236
0.33622
0.40361
0.43886
0.42439
0.37324
0.31673
0.25803
0.17368
0.061366
-0.045014
-0.12263
-0.18208
-0.23068
-0.24786
-0.22663
-0.19784
-0.19318
-0.20869
-0.22838
-0.25091
-0.27436
-0.28223
-0.26822
-0.25287
-0.25669
-0.27588
-0.29592
-0.3118
-0.32719
-0.34632
-0.3695
-0.38769
-0.38563
-0.35576
-0.30578
-0.25162
-0.21075
-0.19478
-0.20108
-0.2201
-0.25423
-0.30998
-0.36773
-0.39088
-0.37286
-0.34349
-0.32027
-0.28986
-0.24079
-0.17777
-0.10377
-0.023823
0.038752
0.064154
0.065651
0.066489
0.066651
0.067619
0.10193
0.19543
0.31987
0.4255
0.49653
0.54475
0.57219
0.57079
0.54149
0.49206
0.4308
0.36999
0.32225
0.28762
0.26218
0.25371
0.26628
0.27855
0.27028
0.26053
0.28631
0.34558
0.39429
0.39865
0.36713
0.32668
0.29126
0.26041
0.23262
0.20774
0.18316
0.15477
0.12191
0.087772
0.054343
0.021173
-0.0075319
-0.022128
-0.026093
-0.042061
-0.086891
-0.14367
-0.1871
-0.21688
-0.24636
-0.26352
-0.25009
-0.21978
-0.2019
-0.19252
-0.16876
-0.13774
-0.13008
-0.15258
-0.18927
-0.23396
-0.27676
-0.28424
-0.24374
-0.20491
-0.2222
-0.28315
-0.33466
-0.35334
-0.34962
-0.33396
-0.31794
-0.32403
-0.36058
-0.4087
-0.44885
-0.47023
-0.44721
-0.36418
-0.26608
-0.22689
-0.25502
-0.29292
-0.30666
-0.31549
-0.33204
-0.34082
-0.34008
-0.34387
-0.34267
-0.316
-0.27725
-0.25163
-0.21799
-0.13803
-0.027493
0.055556
0.096175
0.1291
0.17763
0.22848
0.2686
0.30097
0.32906
0.35076
0.36871
0.38898
0.41109
0.43047
0.44523
0.4552
0.46232
0.46967
0.4739
0.46596
0.44676
0.42715
0.41067
0.39529
0.39311
0.42116
0.46362
0.47451
0.42979
0.35398
0.27764
0.20205
0.11898
0.042045
-0.0067776
-0.025503
-0.032589
-0.043448
-0.061226
-0.083568
-0.10688
-0.12757
-0.14818
-0.17516
-0.20697
-0.23592
-0.26208
-0.28862
-0.29959
-0.27355
-0.22336
-0.19082
-0.18474
-0.16178
-0.091727
-0.0065701
0.042059
0.050067
0.047519
0.051262
0.05498
0.050695
0.032005
-0.0043207
-0.049176
-0.086483
-0.11355
-0.13773
-0.15403
-0.14939
-0.12812
-0.10688
-0.086903
-0.05466
-0.0098782
0.029786
0.05366
0.070259
0.096878
0.14283
0.19946
0.23902
0.23758
0.19624
0.13851
0.088628
0.059756
0.050587
0.048826
0.041436
0.024123
-0.0046708
-0.052107
-0.11332
-0.15184
-0.12998
-0.063375
-0.010257
-0.0072412
-0.03602
-0.052989
-0.032979
0.010403
0.043053
0.044876
0.025335
0.0014741
-0.023514
-0.044919
-0.039704
0.0020718
0.046094
0.050221
0.016213
-0.024591
-0.059482
-0.094235
-0.12295
-0.12972
-0.11098
-0.07537
-0.036335
-0.013675
-0.019754
-0.038381
-0.038512
-0.017701
-0.0063402
-0.024459
-0.056306
-0.080764
-0.10041
-0.12984
-0.1697
-0.202
-0.20607
-0.17692
-0.12952
-0.083826
-0.051148
-0.033997
-0.030478
-0.032131
-0.027814
-0.017464
-0.013018
-0.018802
-0.027186
-0.039689
-0.070907
-0.11774
-0.15029
-0.14539
-0.11231
-0.068741
-0.020041
0.029622
0.065503
0.082049
0.089381
0.098478
0.11175
0.13082
0.15036
0.15434
0.13622
0.11767
0.12021
0.13352
0.13424
0.12564
0.12785
0.14413
0.15904
0.16414
0.1641
0.16845
0.18767
0.22595
0.269
0.29531
0.30281
0.30803
0.31874
0.32684
0.32907
0.3346
0.34418
0.34095
0.31158
0.26393
0.21703
0.18704
0.1837
0.20478
0.2283
0.22438
0.18485
0.13256
0.091398
0.058728
0.018102
-0.034723
-0.092906
-0.15285
-0.20952
-0.24764
-0.25638
-0.2503
-0.25617
-0.28234
-0.31482
-0.34243
-0.36845
-0.39588
-0.41608
-0.41982
-0.4112
-0.40188
-0.39736
-0.39548
-0.39545
-0.39878
-0.40244
-0.40275
-0.40661
-0.42619
-0.45681
-0.47339
-0.45769
-0.42133
-0.39056
-0.37334
-0.35483
-0.32087
-0.27513
-0.23102
-0.19767
-0.17526
-0.16027
-0.1464
-0.12475
-0.089867
-0.045203
0.0039255
0.058787
0.12124
0.1832
0.23265
0.26805
0.29624
0.31823
0.33003
0.33553
0.34476
0.35743
0.36166
0.352
0.33906
0.33615
0.34344
0.34888
0.34177
0.32425
0.30959
0.30824
0.31758
0.32877
0.33861
0.34938
0.36187
0.37609
0.39458
0.4144
0.42242
0.41107
0.39443
0.39167
0.39989
0.39862
0.37874
0.34821
0.3107
0.2585
0.19047
0.11942
0.056344
0.001999
-0.04359
-0.076294
-0.095049
-0.10266
-0.10043
-0.094052
-0.099693
-0.13065
-0.18019
-0.23043
-0.2725
-0.30579
-0.32657
-0.33372
-0.33926
-0.35524
-0.37499
-0.38094
-0.367
-0.34224
-0.31581
-0.29276
-0.27911
-0.27974
-0.28946
-0.29807
-0.30216
-0.30623
-0.31232
-0.31657
-0.31588
-0.31142
-0.30247
-0.28454
-0.25692
-0.22566
-0.19455
-0.16162
-0.12649
-0.092676
-0.060195
-0.025974
0.0047951
0.019395
0.012446
-0.0079325
-0.031288
-0.048047
-0.04553
-0.01573
0.030553
0.071967
0.098293
0.11578
0.13318
0.15279
0.17216
0.18784
0.19625
0.19398
0.17465
0.13448
0.082379
0.040066
0.022384
0.026637
0.038722
0.046638
0.046239
0.043601
0.046553
0.049695
0.038294
0.01705
0.01481
0.045714
0.086713
0.11186
0.1235
0.1342
0.14268
0.14499
0.14556
0.14391
0.12998
0.10224
0.071357
0.042654
0.013113
-0.014595
-0.034612
-0.04891
-0.056428
-0.04186
0.0022663
0.053126
0.080558
0.08077
0.070432
0.05927
0.047277
0.035795
0.024904
0.0077109
-0.016356
-0.032437
-0.027624
-0.010262
0.0029174
0.010241
0.0233
0.044593
0.061895
0.065755
0.06121
0.056749
0.052381
0.045423
0.040842
0.047392
0.066139
0.088342
0.10486
0.11432
0.12243
0.13336
0.14051
0.12901
0.093229
0.048392
0.017999
0.011358
0.019044
0.027656
0.03139
0.02968
0.020599
0.0021504
-0.023754
-0.049304
-0.065635
-0.069196
-0.06555
-0.06307
-0.064884
-0.066781
-0.064683
-0.062133
-0.067525
-0.082206
-0.096168
-0.099788
-0.095056
-0.090132
-0.087412
-0.083417
-0.076524
-0.067949
-0.057684
-0.045426
-0.032969
-0.021165
-0.00852
0.002428
0.0033605
-0.0095571
-0.028297
-0.042474
-0.050898
-0.057717
-0.061277
-0.056484
-0.047077
-0.045216
-0.054919
-0.063928
-0.05889
-0.042417
-0.027413
-0.019292
-0.012016
-0.00044758
0.010954
0.013195
0.0032449
-0.014487
-0.036698
-0.06657
-0.10791
-0.1544
-0.18981
-0.20156
-0.19015
-0.16315
-0.12608
-0.08432
-0.046455
-0.022849
-0.018147
-0.027793
-0.042147
-0.056377
-0.07187
-0.089747
-0.10732
-0.12292
-0.13866
-0.15136
-0.14804
-0.12078
-0.079701
-0.039766
-0.0015483
0.041365
0.083525
0.10825
0.10972
0.099185
0.087961
0.075615
0.059496
0.0449
0.039632
0.043976
0.051908
0.061842
0.079291
0.10601
0.13236
0.14637
0.14802
0.14719
0.14851
0.14801
0.14576
0.1499
0.1648
0.18525
0.20711
0.23051
0.24797
0.24323
0.21353
0.1816
0.17368
0.18976
0.20431
0.19465
0.1649
0.13963
0.13512
0.14199
0.14358
0.14107
0.14439
0.14455
0.12233
0.082995
0.052865
0.04021
0.028749
0.0094367
-0.013891
-0.045736
-0.092508
-0.13312
-0.13681
-0.10867
-0.085422
-0.082914
-0.087839
-0.090253
-0.09223
-0.088626
-0.075676
-0.068307
-0.081706
-0.10342
-0.11209
-0.11039
-0.1123
-0.11383
-0.10407
-0.089548
-0.081576
-0.075743
-0.063964
-0.052438
-0.050036
-0.054567
-0.061332
-0.070909
-0.076933
-0.065015
-0.032184
0.0064359
0.039304
0.067594
0.090239
0.098018
0.089514
0.075904
0.066174
0.058364
0.049013
0.040384
0.034594
0.029028
0.022244
0.01873
0.022999
0.033628
0.045116
0.053987
0.060005
0.061567
0.052402
0.027831
-0.0042998
-0.027092
-0.033143
-0.033973
-0.042769
-0.056318
-0.065647
-0.0768
-0.10071
-0.12809
-0.13662
-0.12506
-0.11663
-0.12774
-0.14988
-0.16681
-0.17054
-0.16176
-0.14579
-0.126
-0.094189
-0.041051
0.018126
0.050179
0.04355
0.018591
-0.0061182
-0.031546
-0.060086
-0.086956
-0.11292
-0.1386
-0.14909
-0.13044
-0.098902
-0.083497
-0.088613
-0.097925
-0.10384
-0.10617
-0.096645
-0.071588
-0.04544
-0.031549
-0.023476
-0.013418
-0.0082419
-0.012319
-0.016641
-0.018541
-0.026602
-0.037325
-0.038579
-0.04005
-0.06192
-0.092689
-0.095313
-0.058899
-0.0069923
0.039294
0.074143
0.088128
0.075398
0.050288
0.023478
-0.015173
-0.06036
-0.073401
-0.038472
0.0044802
0.016196
0.0094404
0.013813
0.026188
0.027691
0.018573
0.010405
0.0076346
0.016955
0.047296
0.089939
0.1227
0.14094
0.15769
0.1768
0.18522
0.17064
0.13241
0.082558
0.046513
0.050135
0.091508
0.13194
0.13546
0.10581
0.074338
0.060409
0.060716
0.066289
0.076162
0.09197
0.11029
0.12128
0.1116
0.072271
0.014524
-0.03064
-0.039339
-0.020358
-0.001342
0.0054601
0.011822
0.02747
0.044426
0.053209
0.059571
0.072245
0.087428
0.097353
0.10422
0.11203
0.11323
0.097227
0.067279
0.037051
0.014213
-0.0013658
-0.0099019
-0.012931
-0.014142
-0.010782
0.0047394
0.028118
0.044455
0.049053
0.048397
0.03825
0.0070516
-0.032283
-0.041512
-0.0068575
0.034827
0.039059
0.0048573
-0.037991
-0.07
-0.092309
-0.10662
-0.10575
-0.084895
-0.052168
-0.023746
-0.012947
-0.025873
-0.055603
-0.078807
-0.0695
-0.02799
0.013168
0.022488
0.0004137
-0.0321
-0.062698
-0.088915
-0.10493
-0.10508
-0.095192
-0.081131
-0.059755
-0.03301
-0.019294
-0.029651
-0.051511
-0.067798
-0.080744
-0.099188
-0.1184
-0.12787
-0.12893
-0.12905
-0.12814
-0.12379
-0.11943
-0.11522
-0.101
-0.072936
-0.046579
-0.038797
-0.044916
-0.048849
-0.045862
-0.041925
-0.037995
-0.029811
-0.017666
-0.0046486
0.010332
0.027766
0.042975
0.054158
0.065305
0.075137
0.07603
0.067699
0.058359
0.05059
0.041172
0.033669
0.035107
0.042709
0.050239
0.061212
0.080325
0.099883
0.11074
0.11263
0.10186
0.067617
0.018475
-0.014361
-0.016164
-0.0056952
0.0029011
0.020742
0.05449
0.08896
0.11262
0.12922
0.1394
0.14044
0.14235
0.15038
0.14264
0.099683
0.043116
0.0061138
-0.012023
-0.024307
-0.016668
0.025418
0.077856
0.10718
0.11287
0.11126
0.10591
0.096544
0.087871
0.073052
0.042131
0.012856
0.018012
0.054165
0.086754
0.10359
0.12116
0.13967
0.13915
0.11882
0.099955
0.088558
0.067251
0.026403
-0.022092
-0.060503
-0.079292
-0.077867
-0.065163
-0.052137
-0.039618
-0.022108
-0.0026109
0.0065512
-0.0037505
-0.036437
-0.084591
-0.12675
-0.13961
-0.12617
-0.11208
-0.10773
-0.093666
-0.057473
-0.021947
-0.0182
-0.045837
-0.080416
-0.10661
-0.12811
-0.15151
-0.17325
-0.18445
-0.18208
-0.17208
-0.16124
-0.15218
-0.14423
-0.13544
-0.12427
-0.11498
-0.11713
-0.13098
-0.13817
-0.12151
-0.090793
-0.071545
-0.07227
-0.082167
-0.096166
-0.11529
-0.12814
-0.11902
-0.095113
-0.077635
-0.071036
-0.064227
-0.056662
-0.05511
-0.053576
-0.042267
-0.028181
-0.021936
-0.016066
0.00073414
0.021784
0.036017
0.047043
0.05473
0.042417
0.0069122
-0.020348
-0.012877
0.014543
0.031366
0.032538
0.03156
0.033106
0.03515
0.042464
0.058681
0.076275
0.089736
0.10445
0.12213
0.13345
0.13375
0.13098
0.13066
0.12856
0.12199
0.11474
0.10779
0.098533
0.088731
0.081409
0.07323
0.061184
0.049991
0.040268
0.020132
-0.013902
-0.040238
-0.03773
-0.017517
-0.005761
-0.0064722
-0.004157
0.0055336
0.013265
0.017498
0.025168
0.033027
0.030064
0.017555
0.0064309
-0.0040891
-0.024379
-0.04881
-0.054905
-0.03405
-0.005642
0.0093432
0.011321
0.011139
0.011037
0.0095388
0.01077
0.017949
0.028262
0.042274
0.066011
0.095263
0.11329
0.11071
0.096038
0.079094
0.059368
0.036635
0.019857
0.017084
0.024042
0.030315
0.031772
0.033448
0.040189
0.04687
0.042308
0.023443
-0.0013456
-0.026475
-0.054128
-0.082553
-0.10314
-0.1151
-0.12871
-0.14327
-0.14019
-0.10916
-0.06842
-0.04224
-0.034679
-0.035606
-0.040992
-0.05251
-0.062464
-0.05492
-0.026024
0.0075521
0.027228
0.030569
0.024972
0.014866
0.0025407
-0.0064391
-0.011808
-0.02533
-0.054642
-0.085009
-0.093093
-0.075691
-0.049866
-0.029109
-0.012265
0.0059951
0.025612
0.042734
0.055002
0.062854
0.06723
0.06543
0.053498
0.034244
0.018875
0.014265
0.014267
0.0082748
-0.0038692
-0.011861
-0.00733
0.0098039
0.034887
0.061628
0.080649
0.0829
0.066134
0.038155
0.010107
-0.0087863
-0.011699
0.0050178
0.034535
0.061843
0.078755
0.091533
0.10781
0.12446
0.13513
0.14071
0.14336
0.1363
0.11125
0.072388
0.035071
0.0090768
-0.0089427
-0.027478
-0.04949
-0.070506
-0.083892
-0.086672
-0.081472
-0.073574
-0.067556
-0.063521
-0.056497
-0.042245
-0.023279
-0.0043828
0.01526
0.038557
0.061322
0.075747
0.0817
0.085205
0.087282
0.085485
0.083667
0.083138
0.070278
0.032911
-0.0090515
-0.01901
0.011013
0.050201
0.072981
0.083624
0.092417
0.092217
0.075186
0.049006
0.022697
-0.0050572
-0.032479
-0.048459
-0.048789
-0.0428
-0.036746
-0.027358
-0.014344
-0.0039704
0.0027998
0.0081804
0.0046081
-0.018502
-0.055149
-0.087323
-0.10621
-0.11477
-0.11505
-0.10816
-0.10019
-0.095961
-0.092082
-0.085237
-0.078536
-0.072669
-0.06049
-0.039688
-0.018645
-0.0040005
0.0050134
0.0047135
-0.012078
-0.039531
-0.063041
-0.0809
-0.10239
-0.126
-0.13959
-0.1398
-0.13162
-0.11002
-0.067965
-0.019663
0.0088339
0.015968
0.01959
0.025617
0.024548
0.017555
0.015474
0.017415
0.010804
-0.0064395
-0.023929
-0.037367
-0.051473
-0.065396
-0.070772
-0.063603
-0.046064
-0.018951
0.016566
0.050875
0.072822
0.083903
0.096513
0.11742
0.14077
0.15683
0.15884
0.14174
0.10416
0.055658
0.010094
-0.029805
-0.069662
-0.10278
-0.1113
-0.09237
-0.068744
-0.06203
-0.070993
-0.08027
-0.081181
-0.074315
-0.062895
-0.048884
-0.032425
-0.010349
0.018153
0.044846
0.058513
0.059588
0.058738
0.06267
0.067067
0.064914
0.054771
0.040641
0.026158
0.012568
0.000024665
-0.011051
-0.020201
-0.027227
-0.032648
-0.037375
-0.042129
-0.04718
-0.052313
-0.057139
-0.061831
-0.066998
-0.071621
-0.072496
-0.067565
-0.059876
-0.055043
-0.054822
-0.055739
-0.055401
-0.055123
-0.054606
-0.049619
-0.039461
-0.029858
-0.023929
-0.017103
-0.0064077
0.0010568
-0.0016812
-0.0087523
-0.0062834
0.010311
0.03253
0.047618
0.04893
0.039077
0.02748
0.022236
0.023616
0.024251
0.016993
0.0020039
-0.011741
-0.014146
-0.0034893
0.012489
0.02818
0.046538
0.071247
0.098293
0.12145
0.13873
0.14876
0.14816
0.13887
0.12956
0.12403
0.11506
0.095726
0.070531
0.049717
0.038215
0.034511
0.03542
0.038033
0.040567
0.043618
0.048113
0.05236
0.054351
0.05569
0.058372
0.05951
0.055123
0.047432
0.040476
0.030171
0.0079357
-0.0236
-0.049941
-0.062582
-0.068951
-0.078667
-0.089736
-0.093527
-0.087099
-0.074281
-0.059418
-0.045282
-0.033904
-0.025828
-0.019638
-0.013798
-0.0075045
-0.0013432
0.001885
-0.00031496
-0.0059682
-0.011146
-0.016765
-0.026943
-0.041118
-0.05472
-0.067016
-0.078059
-0.081028
-0.069607
-0.051209
-0.036756
-0.021511
0.005872
0.035332
0.040982
0.017487
-0.011227
-0.026666
-0.034556
-0.042717
-0.044543
-0.036427
-0.029012
-0.029622
-0.03183
-0.031291
-0.032786
-0.035534
-0.032279
-0.028891
-0.04178
-0.068604
-0.085324
-0.080012
-0.066628
-0.057249
-0.046159
-0.028812
-0.014226
-0.0076092
-0.00061989
0.012722
0.024654
0.025975
0.017948
0.0064975
-0.0047576
-0.01139
-0.0073765
0.007825
0.026985
0.040873
0.044238
0.038277
0.029536
0.023631
0.020402
0.016715
0.011934
0.0068954
0.000117
-0.0098109
-0.018807
-0.019857
-0.011316
0.0016911
0.0148
0.028606
0.043494
0.054571
0.057033
0.05445
0.054405
0.056937
0.05523
0.049054
0.04687
0.052279
0.0584
0.059569
0.057282
0.053274
0.049651
0.055378
0.078176
0.10784
0.12366
0.11835
0.10378
0.090079
0.075743
0.057857
0.040974
0.029399
0.020891
0.010412
-0.003374
-0.017758
-0.030213
-0.040584
-0.046764
-0.040464
-0.01559
0.01777
0.039057
0.039794
0.031574
0.027153
0.026259
0.024252
0.023812
0.028699
0.034146
0.032333
0.022769
0.010867
-0.00062048
-0.012323
-0.023913
-0.034154
-0.044005
-0.054936
-0.064273
-0.066234
-0.059052
-0.048348
-0.040589
-0.036213
-0.032319
-0.029796
-0.032451
-0.03947
-0.044349
-0.043298
-0.038789
-0.031987
-0.01856
0.002283
0.021273
0.028447
0.024233
0.015776
0.0066631
-0.0044778
-0.018757
-0.033498
-0.043269
-0.046012
-0.048285
-0.057449
-0.06551
-0.053896
-0.022464
0.0023556
0.0013702
-0.011379
-0.012021
0.0014475
0.016085
0.027096
0.036417
0.040284
0.033948
0.021055
0.0079358
-0.0046991
-0.01676
-0.024391
-0.026142
-0.026351
-0.028168
-0.029631
-0.02819
-0.02372
-0.016065
-0.0046059
0.0094499
0.023547
0.036542
0.048706
0.059026
0.065008
0.065702
0.063696
0.061728
0.057909
0.047436
0.029766
0.010553
-0.0053675
-0.01877
-0.032311
-0.044816
-0.052526
-0.054073
-0.052217
-0.049682
-0.045541
-0.036903
-0.024948
-0.016956
-0.018779
-0.025165
-0.023579
-0.0098401
0.006421
0.015188
0.018338
0.023011
0.029473
0.033833
0.037647
0.045056
0.053699
0.057797
0.05695
0.054428
0.047786
0.030921
0.0026166
-0.031588
-0.062217
-0.074629
-0.057873
-0.023755
-0.0033951
-0.014334
-0.040284
-0.055197
-0.054116
-0.048985
-0.046353
-0.046424
-0.052197
-0.062861
-0.068108
-0.061857
-0.053318
-0.053303
-0.060488
-0.069186
-0.080383
-0.092686
-0.094768
-0.078281
-0.05159
-0.029691
-0.017938
-0.011493
-0.0050497
0.0022076
0.0086431
0.014452
0.021486
0.027393
0.025433
0.015673
0.0084048
0.0086989
0.0047009
-0.012464
-0.029313
-0.026399
-0.0076485
0.010588
0.025437
0.042469
0.054378
0.050004
0.035738
0.026868
0.024655
0.020041
0.012711
0.009073
0.0085576
0.0064416
0.0042715
0.0061152
0.010104
0.012245
0.013171
0.015032
0.017174
0.01863
0.020135
0.021687
0.022182
0.021849
0.02151
0.021261
0.022691
0.02876
0.037995
0.044322
0.046087
0.048946
0.054969
0.056613
0.047886
0.033927
0.021542
0.0094429
-0.0022839
-0.0037756
0.010301
0.027237
0.032039
0.027959
0.025759
0.021687
0.0045171
-0.02109
-0.038416
-0.042008
-0.041442
-0.041441
-0.037107
-0.027515
-0.020018
-0.016139
-0.0086414
0.0057096
0.020657
0.03126
0.03838
0.039925
0.030626
0.014713
0.0039685
-0.0018967
-0.014764
-0.033004
-0.039849
-0.033141