0
-0.006476
-0.01747
-0.028731
-0.019103
0.013547
0.050369
0.057654
0.034213
0.0013082
-0.017268
-0.019392
-0.014081
-0.0039335
0.010682
0.021286
0.017322
0.0057851
0.0034065
0.016172
0.024134
0.013909
0.0039187
0.017632
0.036515
0.02686
0.0005528
0.0009146
0.021249
0.02049
-0.0038403
-0.0072983
0.01101
0.012842
-0.0022567
0.0077526
0.041712
0.04958
0.0252
0.012794
0.022341
0.019382
-0.0009228
-0.0056752
0.0087919
0.012521
-0.0020704
-0.0083856
0.0048871
0.014303
0.0064362
-0.0055438
-0.003844
0.0046945
0.0043071
-0.0081313
-0.0058768
0.022578
0.050273
0.037021
0.0000746
-0.014523
0.0048103
0.015457
0.0003822
-0.013272
-0.0010093
0.013533
0.0072062
-0.0088407
-0.0079791
0.002725
0.004607
-0.00255
-0.0032593
0.0012024
-0.0003396
-0.0046303
0.0020269
0.016879
0.017669
0.0009393
-0.012091
-0.0045107
0.0062446
0.002588
-0.0073712
-0.0031233
0.0058452
-0.0007026
-0.015531
-0.013409
0.0007283
-0.0054056
-0.031491
-0.042166
-0.020759
0.0002805
-0.0017218
-0.011877
-0.0075615
-0.0018751
-0.013407
-0.038978
-0.061819
-0.071325
-0.06598
-0.053354
-0.047725
-0.045249
-0.027696
0.0052768
0.019423
-0.0046631
-0.032463
-0.024436
0.005742
0.013633
-0.011232
-0.041229
-0.044193
-0.018949
0.010566
0.019431
0.018515
0.034403
0.061719
0.060454
0.037794
0.041767
0.065124
0.045297
-0.010941
-0.020259
0.022619
0.036994
0.0028054
0.0049803
0.049303
0.049346
-0.015296
-0.044391
-0.01342
-0.0001504
-0.033549
-0.049409
-0.032848
-0.032477
-0.054332
-0.05786
-0.040613
-0.031885
-0.024521
-0.0093842
-0.013477
-0.036159
-0.023445
0.02964
0.051341
0.020367
-0.010358
-0.015529
-0.029754
-0.050052
-0.035708
0.0040374
0.019392
0.013751
0.03157
0.054375
0.03977
0.012664
0.028827
0.05981
0.046053
0.0063673
0.0010804
0.020675
0.014992
-0.0073921
0.0018888
0.042668
0.073967
0.07849
0.072113
0.066578
0.072593
0.095275
0.11248
0.091644
0.058156
0.059343
0.081304
0.065311
0.018973
-0.0046305
0.0053008
0.0084849
0.0012906
0.011399
0.033612
0.033226
0.015364
0.010403
0.016379
0.013263
0.0037496
0.0002521
-0.0040356
-0.010133
-0.0079637
0.002316
0.0018315
-0.0015015
0.013275
0.044796
0.07
0.088883
0.10763
0.11054
0.083213
0.046867
0.027754
0.003856
-0.042428
-0.083567
-0.088031
-0.086007
-0.1075
-0.12784
-0.10629
-0.063585
-0.053539
-0.067008
-0.055154
-0.017949
-0.0061287
-0.029455
-0.054488
-0.064597
-0.07236
-0.08506
-0.096043
-0.10963
-0.12372
-0.12779
-0.12285
-0.12324
-0.11985
-0.0905
-0.044614
-0.0054379
0.028234
0.071964
0.10083
0.089593
0.063143
0.064088
0.080514
0.078167
0.061536
0.04726
0.027028
-0.0067326
-0.02756
-0.020804
-0.0062852
-0.0028507
0.0018414
0.013712
0.016314
0.0005573
-0.013111
-0.009661
-0.0034865
-0.011016
-0.021219
-0.018921
-0.014811
-0.028275
-0.054372
-0.069536
-0.064994
-0.061645
-0.073454
-0.09274
-0.10321
-0.099942
-0.081462
-0.060631
-0.054796
-0.06527
-0.075983
-0.073817
-0.073656
-0.081191
-0.081951
-0.06011
-0.046995
-0.059383
-0.078924
-0.077245
-0.063385
-0.057798
-0.058171
-0.046174
-0.022544
-0.010177
-0.015425
-0.024501
-0.02959
-0.038666
-0.056228
-0.061998
-0.040123
-0.0043743
0.016471
0.021553
0.023172
0.022248
0.015277
0.015551
0.032067
0.032523
-0.013198
-0.074766
-0.089563
-0.062756
-0.04341
-0.051082
-0.057716
-0.051357
-0.043681
-0.042487
-0.038364
-0.036895
-0.052028
-0.068258
-0.061706
-0.044168
-0.04304
-0.052043
-0.047458
-0.025989
0.00417
0.041143
0.078126
0.084029
0.056486
0.035215
0.051857
0.078414
0.084274
0.079316
0.079286
0.068527
0.038807
0.020783
0.029759
0.03621
0.018693
0.0018153
0.0088139
0.024733
0.03022
0.029727
0.032098
0.03523
0.04091
0.052403
0.061938
0.057083
0.042967
0.028809
0.016843
0.0029101
-0.014585
-0.032143
-0.041462
-0.038734
-0.040346
-0.046391
-0.032011
0.013856
0.039747
0.010648
-0.032301
-0.028008
-0.0014003
-0.0002587
-0.0058936
0.028064
0.08053
0.10554
0.10909
0.11743
0.12236
0.10886
0.09727
0.10653
0.1265
0.14447
0.16014
0.17198
0.18304
0.20253
0.21462
0.18631
0.1315
0.095872
0.086
0.06641
0.043228
0.047519
0.067097
0.06
0.035319
0.032779
0.044201
0.032528
0.010428
0.016572
0.043445
0.047439
0.027407
0.01307
0.01955
0.021103
0.0070059
-0.025636
-0.063728
-0.091869
-0.089169
-0.078351
-0.089163
-0.11445
-0.10407
-0.041767
0.018191
0.028672
0.018086
0.038428
0.065254
0.049968
0.0087726
0.0002977
0.02366
0.021895
-0.014526
-0.039438
-0.039743
-0.065073
-0.13347
-0.20023
-0.23304
-0.25002
-0.25696
-0.22542
-0.14466
-0.059452
-0.0081662
0.030065
0.10497
0.20224
0.25337
0.22925
0.17151
0.12904
0.08511
0.0074254
-0.091986
-0.15808
-0.1854
-0.19095
-0.17094
-0.10596
-0.031343
0.0084936
0.022459
0.052676
0.098017
0.11598
0.10244
0.09494
0.1188
0.14063
0.13299
0.11168
0.10981
0.11351
0.095649
0.068127
0.0687
0.091825
0.099663
0.091373
0.10893
0.15592
0.19176
0.19926
0.19818
0.18983
0.15494
0.10471
0.064282
0.037701
0.0078639
-0.012845
-0.019896
-0.025564
-0.035923
-0.022419
0.023163
0.068226
0.074545
0.047554
0.019712
-0.0038569
-0.050679
-0.11517
-0.1477
-0.12632
-0.11127
-0.15764
-0.22952
-0.26416
-0.28689
-0.34159
-0.37674
-0.32214
-0.21848
-0.15291
-0.11603
-0.047373
0.036895
0.077532
0.088927
0.11905
0.15052
0.14326
0.11068
0.092786
0.088357
0.079886
0.072704
0.075573
0.068222
0.027042
-0.029913
-0.070573
-0.080313
-0.077828
-0.075348
-0.080466
-0.088053
-0.092002
-0.075787
-0.028213
0.043429
0.11909
0.1858
0.23404
0.22984
0.15402
0.043666
-0.04666
-0.11336
-0.17664
-0.21776
-0.21656
-0.211
-0.24671
-0.2955
-0.29913
-0.26446
-0.23011
-0.19836
-0.1456
-0.083214
-0.030992
0.0085697
0.031446
0.025898
0.0022554
-0.013717
-0.024526
-0.038885
-0.044863
-0.033928
-0.024359
-0.022925
-0.012546
-0.0088398
-0.036907
-0.070418
-0.055565
-0.023275
-0.036475
-0.076682
-0.073269
-0.033878
-0.013136
-0.0080154
0.022899
0.05016
0.020194
-0.046888
-0.076009
-0.067153
-0.063949
-0.071651
-0.06976
-0.08682
-0.15492
-0.23951
-0.26574
-0.22637
-0.17474
-0.14345
-0.095192
-0.018569
0.050739
0.075851
0.075599
0.084399
0.11567
0.16973
0.24494
0.32755
0.39327
0.43552
0.45012
0.42291
0.35362
0.28005
0.22597
0.183
0.14231
0.13883
0.18705
0.2474
0.26624
0.25344
0.24884
0.27359
0.31637
0.35927
0.39191
0.42407
0.45798
0.47383
0.45795
0.43317
0.42244
0.42439
0.42972
0.44663
0.46097
0.43863
0.39035
0.37547
0.39475
0.38147
0.32583
0.29587
0.31112
0.30839
0.25335
0.19698
0.17589
0.16745
0.14468
0.12704
0.125
0.13755
0.1571
0.17808
0.1884
0.21915
0.29528
0.38363
0.42236
0.42694
0.45554
0.52214
0.58343
0.61904
0.64294
0.66805
0.6881
0.70871
0.73181
0.74827
0.74687
0.7251
0.67056
0.6003
0.54839
0.51293
0.45694
0.3987
0.37343
0.33669
0.18896
-0.067539
-0.32715
-0.53245
-0.72691
-0.9331
-1.1151
-1.2644
-1.3991
-1.5129
-1.5942
-1.6816
-1.7928
-1.8781
-1.8859
-1.8495
-1.8236
-1.8045
-1.7677
-1.7228
-1.6972
-1.6866
-1.6675
-1.6167
-1.5436
-1.4746
-1.4194
-1.3532
-1.2694
-1.2069
-1.1888
-1.1826
-1.1706
-1.2025
-1.2963
-1.3826
-1.4106
-1.4384
-1.5062
-1.5611
-1.5449
-1.4841
-1.3918
-1.2388
-1.0293
-0.84888
-0.73031
-0.61971
-0.48851
-0.40609
-0.40937
-0.4533
-0.50147
-0.57961
-0.70018
-0.82639
-0.93334
-1.0295
-1.1125
-1.1522
-1.1441
-1.1146
-1.0884
-1.0573
-0.99204
-0.87478
-0.74114
-0.64294
-0.57135
-0.44806
-0.25286
-0.069024
0.042785
0.16957
0.38964
0.6346
0.79293
0.9108
1.0972
1.36
1.6197
1.8563
2.1066
2.3717
2.6136
2.7942
2.9037
2.9687
3.0472
3.1303
3.1157
2.9531
2.7531
2.6414
2.5712
2.4365
2.2371
2.0256
1.7983
1.5464
1.2941
1.0268
0.72529
0.44292
0.26147
0.15189
0.053718
-0.0019532
0.079416
0.27106
0.4963
0.73941
1.0377
1.3464
1.6387
1.9349
2.2212
2.4208
2.5379
2.656
2.7591
2.7298
2.5595
2.3891
2.2504
2.0191
1.676
1.3927
1.2348
1.0641
0.8191
0.64413
0.59588
0.49946
0.24396
-0.021551
-0.13819
-0.18482
-0.2828
-0.39636
-0.44347
-0.46051
-0.51948
-0.62433
-0.75164
-0.89275
-1.0406
-1.1888
-1.3577
-1.5349
-1.6673
-1.7538
-1.8493
-1.9513
-1.9902
-1.9749
-1.9721
-1.9808
-1.9499
-1.9125
-1.8944
-1.8008
-1.5223
-1.1408
-0.78503
-0.46364
-0.12859
0.12234
0.19985
0.17147
0.15227
0.12913
0.07345
0.036782
0.020335
-0.05008
-0.16218
-0.22266
-0.28283
-0.48095
-0.77277
-0.9842
-1.1246
-1.3531
-1.6237
-1.6996
-1.5075
-1.1951
-0.82305
-0.34124
0.18763
0.60181
0.89225
1.181
1.5204
1.8433
2.1262
2.4087
2.701
2.9478
3.1287
3.2835
3.4406
3.543
3.4955
3.2303
2.7315
1.9944
1.0603
0.075853
-0.76006
-1.3791
-1.8663
-2.2799
-2.5888
-2.7786
-2.9065
-3.0335
-3.1944
-3.3651
-3.4399
-3.314
-3.0269
-2.7017
-2.3516
-1.902
-1.4107
-1.0418
-0.82258
-0.65382
-0.54738
-0.59381
-0.73725
-0.84563
-0.92206
-1.0321
-1.0975
-1.0148
-0.83933
-0.69208
-0.5633
-0.40089
-0.25495
-0.18062
-0.13161
-0.044864
0.045465
0.10496
0.14867
0.20264
0.2641
0.32885
0.37501
0.36048
0.29221
0.22535
0.1684
0.042787
-0.17343
-0.39862
-0.56111
-0.69383
-0.8299
-0.94276
-0.99589
-1.0071
-0.99298
-0.92959
-0.79162
-0.58209
-0.32806
-0.036378
0.27512
0.5738
0.8109
0.97419
1.067
1.1116
1.1494
1.2055
1.251
1.2283
1.1211
0.96403
0.80496
0.6474
0.48332
0.32362
0.19334
0.09121
0.018035
-0.019327
-0.012169
0.022858
0.060827
0.086723
0.11628
0.15637
0.19955
0.24631
0.31944
0.41798
0.51365
0.5877
0.65565
0.73344
0.80519
0.85222
0.8739
0.87829
0.86681
0.83638
0.76511
0.62808
0.44169
0.26061
0.10392
-0.05732
-0.22589
-0.34318
-0.37684
-0.3556
-0.32136
-0.27038
-0.19017
-0.087559
0.020188
0.13169
0.25218
0.38078
0.50612
0.60668
0.67158
0.71696
0.76367
0.80344
0.80698
0.76307
0.67256
0.5475
0.40457
0.26379
0.11301
-0.058437
-0.23659
-0.39706
-0.5498
-0.70786
-0.82999
-0.86165
-0.818
-0.75883
-0.68475
-0.54705
-0.36251
-0.19704
-0.0638
0.090762
0.24644
0.31449
0.27126
0.20357
0.16186
0.078745
-0.095577
-0.2974
-0.45022
-0.5722
-0.69847
-0.79363
-0.82261
-0.8157
-0.82829
-0.84466
-0.81756
-0.73447
-0.62788
-0.50049
-0.33048
-0.11587
0.096822
0.26356
0.38131
0.48184
0.58492
0.6771
0.73584
0.75607
0.74822
0.72299
0.68152
0.60692
0.47112
0.27224
0.05256
-0.13942
-0.29113
-0.42357
-0.54093
-0.62826
-0.67909
-0.7193
-0.76321
-0.78978
-0.77825
-0.73819
-0.68542
-0.60945
-0.51589
-0.43628
-0.39947
-0.38011
-0.35011
-0.3172
-0.30639
-0.28748
-0.224
-0.13444
-0.075739
-0.048157
-0.0033348
0.075488
0.14522
0.18077
0.22464
0.30915
0.38868
0.41417
0.41689
0.44411
0.45077
0.374
0.24626
0.15802
0.10462
0.019434
-0.089531
-0.1493
-0.16727
-0.22065
-0.31254
-0.37294
-0.39109
-0.41933
-0.45407
-0.43023
-0.3571
-0.3151
-0.33123
-0.34997
-0.36031
-0.38956
-0.4082
-0.35296
-0.24031
-0.14203
-0.060455
0.060471
0.22269
0.35552
0.44189
0.52332
0.61487
0.68546
0.74646
0.82558
0.91115
0.95803
0.9649
0.95908
0.93157
0.83043
0.64431
0.43257
0.25839
0.12311
0.0040944
-0.089996
-0.13136
-0.13578
-0.14036
-0.14918
-0.14274
-0.13093
-0.12702
-0.10136
-0.016136
0.095166
0.1706
0.20839
0.26289
0.32956
0.3595
0.33719
0.30127
0.26416
0.20738
0.12349
0.045157
-0.0091281
-0.05186
-0.083927
-0.066433
0.01631
0.12516
0.22556
0.3222
0.42746
0.50341
0.51488
0.4784
0.4521
0.44434
0.43339
0.41306
0.39691
0.3787
0.34958
0.326
0.32343
0.33482
0.32786
0.29169
0.24349
0.21824
0.21609
0.21212
0.17933
0.12006
0.055249
0.0049472
-0.039944
-0.093782
-0.16033
-0.2255
-0.28745
-0.34361
-0.38432
-0.38251
-0.34132
-0.29712
-0.27214
-0.23891
-0.18192
-0.13228
-0.11166
-0.088191
-0.046947
-0.014683
-0.0054489
0.018053
0.069198
0.12424
0.17021
0.22957
0.29383
0.32888
0.32768
0.3124
0.27618
0.20549
0.12583
0.068427
0.01566
-0.057526
-0.12326
-0.14631
-0.14155
-0.14903
-0.16544
-0.16447
-0.14556
-0.13603
-0.13711
-0.13108
-0.10742
-0.077586
-0.053048
-0.04463
-0.049593
-0.057633
-0.05329
-0.0394
-0.042109
-0.072143
-0.098194
-0.089067
-0.069402
-0.076477
-0.10165
-0.11184
-0.11408
-0.1382
-0.17507
-0.19271
-0.20132
-0.22976
-0.26417
-0.26989
-0.26085
-0.2672
-0.27795
-0.25642
-0.20295
-0.15729
-0.14836
-0.17179
-0.20002
-0.2119
-0.20748
-0.21116
-0.22787
-0.23734
-0.22916
-0.22076
-0.21461
-0.19892
-0.18203
-0.19362
-0.23048
-0.26164
-0.27435
-0.29615
-0.34013
-0.38519
-0.39966
-0.38747
-0.37308
-0.36648
-0.34762
-0.29626
-0.22661
-0.1703
-0.13542
-0.096602
-0.046441
-0.010003
-0.01124
-0.03758
-0.051341
-0.033663
-0.0036465
0.0065389
-0.0013508
-0.0077247
-0.0098324
-0.022645
-0.041952
-0.045611
-0.02723
0.0076806
0.060093
0.13442
0.2181
0.29558
0.35891
0.41178
0.46722
0.52873
0.57652
0.58315
0.56221
0.55166
0.55926
0.5502
0.51226
0.46533
0.40676
0.32971
0.25435
0.20508
0.15007
0.071843
0.0093311
0.002299
0.014995
-0.0028264
-0.030763
-0.022092
0.0185
0.049414
0.063024
0.074911
0.079516
0.059046
0.025145
0.0037845
-0.011704
-0.049338
-0.10178
-0.11564
-0.072393
-0.013964
0.010732
0.021129
0.048213
0.093458
0.13237
0.16544
0.19585
0.21272
0.2005
0.17194
0.14668
0.13055
0.10922
0.072303
0.019469
-0.030589
-0.073382
-0.12799
-0.19856
-0.25163
-0.26043
-0.25428
-0.26592
-0.29238
-0.30917
-0.31744
-0.31777
-0.30228
-0.27782
-0.26786
-0.27034
-0.25853
-0.2343
-0.22352
-0.21921
-0.19571
-0.16363
-0.14971
-0.12913
-0.072839
-0.0055987
0.025111
0.038908
0.082831
0.15187
0.19027
0.19964
0.22528
0.26932
0.28226
0.26704
0.26899
0.29767
0.31139
0.29928
0.28637
0.28066
0.24061
0.1584
0.065699
-0.0146
-0.11081
-0.22291
-0.31865
-0.38136
-0.43555
-0.48788
-0.50563
-0.47834
-0.4439
-0.43571
-0.42664
-0.38742
-0.33615
-0.30204
-0.27674
-0.24563
-0.22256
-0.21282
-0.20336
-0.19099
-0.20183
-0.22812
-0.24798
-0.26825
-0.31542
-0.35886
-0.35359
-0.31875
-0.30064
-0.2824
-0.21833
-0.13901
-0.093235
-0.064207
-0.0054438
0.059604
0.095062
0.10913
0.12842
0.12808
0.094032
0.053187
0.020195
-0.038667
-0.11823
-0.16081
-0.14596
-0.12069
-0.11553
-0.10244
-0.056681
-0.0003247
0.042057
0.082004
0.13765
0.1963
0.23711
0.25623
0.26324
0.257
0.22842
0.18556
0.15515
0.14613
0.12654
0.069947
-0.0042465
-0.057022
-0.082588
-0.11048
-0.1523
-0.19795
-0.22958
-0.25104
-0.27036
-0.30176
-0.33942
-0.36792
-0.37699
-0.37438
-0.36733
-0.35153
-0.32745
-0.30238
-0.27675
-0.23683
-0.18118
-0.12403
-0.074813
-0.028532
0.021128
0.078412
0.14243
0.20256
0.23804
0.24888
0.25341
0.27429
0.30876
0.34627
0.36851
0.37093
0.36227
0.36353
0.37467
0.37366
0.34688
0.31001
0.28128
0.25525
0.22321
0.1902
0.16597
0.15086
0.14412
0.14298
0.1396
0.13158
0.13492
0.16203
0.18852
0.18455
0.16343
0.16077
0.16936
0.15153
0.1056
0.063611
0.035907
-0.0038673
-0.058274
-0.10567
-0.137
-0.17317
-0.21768
-0.25078
-0.26011
-0.25448
-0.2474
-0.24202
-0.23223
-0.20218
-0.15712
-0.12313
-0.10961
-0.087994
-0.045932
-0.011687
-0.0056876
-0.0039277
0.012402
0.02631
0.031346
0.056482
0.11091
0.16164
0.19629
0.24267
0.303
0.3424
0.35127
0.37025
0.41984
0.47421
0.4982
0.50127
0.50875
0.52494
0.53527
0.539
0.55431
0.58083
0.6008
0.60457
0.6127
0.62626
0.63216
0.63432
0.66152
0.69191
0.6796
0.63457
0.61814
0.62038
0.56587
0.43431
0.28582
0.14206
-0.037201
-0.24245
-0.40174
-0.50167
-0.60166
-0.71563
-0.78806
-0.81154
-0.84817
-0.9214
-0.97096
-0.95538
-0.90744
-0.85973
-0.78572
-0.65366
-0.48734
-0.32482
-0.17701
-0.043687
0.059538
0.11817
0.13257
0.11391
0.081277
0.048889
0.012803
-0.050352
-0.13476
-0.20589
-0.24798
-0.28601
-0.31592
-0.29673
-0.21638
-0.13087
-0.079415
-0.034667
0.048062
0.15479
0.24391
0.29828
0.33348
0.36573
0.40718
0.45944
0.51678
0.55888
0.57084
0.54558
0.4974
0.44034
0.38376
0.32772
0.28688
0.27529
0.29483
0.33361
0.38291
0.42262
0.43525
0.4306
0.43899
0.45396
0.43546
0.36241
0.27647
0.21075
0.15732
0.088586
0.023633
-0.017722
-0.034713
-0.043913
-0.041723
-0.020465
0.0059607
0.012032
0.001319
0.0031485
0.014543
0.0002551
-0.04901
-0.091663
-0.10049
-0.097996
-0.1118
-0.12317
-0.1126
-0.095398
-0.09306
-0.092889
-0.083681
-0.071244
-0.070156
-0.08548
-0.12274
-0.16509
-0.18254
-0.16154
-0.13049
-0.11399
-0.10211
-0.070705
-0.033183
-0.012238
-0.0051923
0.020937
0.066943
0.094888
0.062936
0.0029514
-0.022897
-0.01357
-0.043789
-0.13202
-0.21107
-0.23738
-0.26056
-0.31722
-0.36062
-0.3513
-0.34478
-0.39787
-0.46814
-0.48858
-0.48628
-0.52115
-0.57511
-0.58557
-0.55625
-0.54193
-0.54762
-0.52814
-0.47687
-0.43903
-0.42417
-0.39131
-0.32639
-0.2587
-0.20387
-0.14561
-0.089297
-0.052713
-0.026035
0.020884
0.076671
0.10449
0.097568
0.092275
0.1214
0.18051
0.231
0.24346
0.23476
0.249
0.28964
0.31765
0.31246
0.29698
0.26675
0.1977
0.10471
0.039238
-0.007371
-0.078093
-0.16261
-0.20807
-0.21254
-0.21172
-0.19499
-0.13202
-0.040332
0.036133
0.099588
0.17042
0.24023
0.29351
0.34237
0.39184
0.42212
0.42347
0.41157
0.38918
0.34504
0.27593
0.19168
0.090903
-0.018737
-0.1157
-0.18377
-0.24168
-0.3028
-0.35804
-0.39437
-0.43023
-0.47652
-0.51653
-0.52554
-0.51366
-0.50075
-0.4844
-0.44757
-0.40111
-0.37181
-0.36408
-0.35977
-0.35561
-0.35639
-0.35059
-0.33281
-0.32206
-0.32978
-0.32167
-0.28424
-0.2513
-0.25241
-0.24596
-0.20222
-0.15378
-0.13951
-0.13588
-0.10944
-0.074696
-0.057148
-0.058977
-0.082812
-0.13627
-0.19515
-0.22428
-0.23851
-0.27576
-0.3231
-0.33168
-0.30255
-0.27769
-0.25999
-0.21584
-0.14427
-0.069074
0.0013866
0.07562
0.14325
0.19286
0.22386
0.24552
0.25406
0.25224
0.24854
0.237
0.20903
0.1773
0.15973
0.13472
0.086895
0.040924
0.046519
0.090589
0.12904
0.14691
0.1818
0.24095
0.29828
0.32588
0.3308
0.32627
0.31862
0.29978
0.26716
0.21657
0.14809
0.07075
0.0074393
-0.030467
-0.056614
-0.094812
-0.14229
-0.17114
-0.1731
-0.17765
-0.20228
-0.21964
-0.20175
-0.16769
-0.14769
-0.12998
-0.084443
-0.015267
0.044481
0.081838
0.1108
0.14692
0.19554
0.25242
0.30518
0.34257
0.37041
0.39066
0.39532
0.3828
0.37513
0.37706
0.36233
0.32205
0.29232
0.29914
0.31248
0.30558
0.29752
0.31447
0.34593
0.37747
0.41206
0.44538
0.46263
0.47508
0.50815
0.55471
0.58029
0.58199
0.57868
0.57151
0.54856
0.5139
0.47207
0.41008
0.32829
0.24487
0.17016
0.082654
-0.015868
-0.098074
-0.1439
-0.1779
-0.22074
-0.26399
-0.28461
-0.28621
-0.29996
-0.33922
-0.37229
-0.36101
-0.33093
-0.33351
-0.36636
-0.3765
-0.36048
-0.3609
-0.38829
-0.40271
-0.39893
-0.40734
-0.42445
-0.42224
-0.4133
-0.427
-0.43912
-0.42406
-0.40251
-0.39902
-0.37974
-0.32412
-0.26241
-0.20999
-0.12693
-0.0095817
0.081095
0.12332
0.168
0.24025
0.30055
0.32686
0.35304
0.39534
0.42553
0.42383
0.41698
0.41581
0.40834
0.38205
0.34769
0.31046
0.27935
0.25869
0.25257
0.25862
0.27632
0.30201
0.32587
0.33677
0.33081
0.30943
0.27746
0.24019
0.19899
0.14927
0.095582
0.046891
0.0083579
-0.027645
-0.067226
-0.11127
-0.15273
-0.18807
-0.21204
-0.22741
-0.24131
-0.26674
-0.30275
-0.33806
-0.35258
-0.34657
-0.33773
-0.34012
-0.34126
-0.33622
-0.34126
-0.36596
-0.38432
-0.37561
-0.36032
-0.36708
-0.38028
-0.36666
-0.32765
-0.2898
-0.26138
-0.22355
-0.1664
-0.10318
-0.054781
-0.011152
0.043024
0.10086
0.12955
0.13079
0.13561
0.16269
0.19199
0.21045
0.22248
0.22435
0.20274
0.17516
0.16565
0.16266
0.14018
0.11799
0.12104
0.12848
0.11391
0.10541
0.13465
0.17169
0.1819
0.18719
0.21036
0.21931
0.18832
0.14957
0.12768
0.096972
0.036337
-0.025993
-0.063984
-0.088516
-0.11424
-0.13075
-0.13568
-0.13933
-0.1406
-0.1257
-0.10926
-0.10651
-0.104
-0.082393
-0.05682
-0.044888
-0.033662
-0.0077254
0.015606
0.014642
0.010409
0.030194
0.055282
0.05315
0.039008
0.044364
0.058376
0.056066
0.051321
0.07112
0.096503
0.10353
0.11375
0.15618
0.20299
0.21963
0.22868
0.26118
0.29146
0.27647
0.23597
0.20508
0.18
0.14415
0.11956
0.11658
0.11163
0.094623
0.091937
0.10755
0.10699
0.081042
0.063679
0.067356
0.057632
0.026395
0.010455
0.028681
0.0506
0.057428
0.063061
0.078338
0.094868
0.1069
0.1237
0.14782
0.17975
0.21706
0.25566
0.28188
0.29856
0.31818
0.34058
0.35078
0.34885
0.3467
0.34316
0.3221
0.28438
0.241
0.1947
0.12924
0.045272
-0.037093
-0.093534
-0.12884
-0.16761
-0.21772
-0.25681
-0.26567
-0.26247
-0.26826
-0.27122
-0.25186
-0.22897
-0.23228
-0.24865
-0.24579
-0.22715
-0.22825
-0.25688
-0.28654
-0.29769
-0.29881
-0.30108
-0.30521
-0.30761
-0.30184
-0.28549
-0.25638
-0.22565
-0.20863
-0.21553
-0.22463
-0.22014
-0.20541
-0.20721
-0.22399
-0.23256
-0.21912
-0.20694
-0.20695
-0.20496
-0.18891
-0.16837
-0.15163
-0.12897
-0.094594
-0.06207
-0.046989
-0.042044
-0.035369
-0.02766
-0.030749
-0.047874
-0.06844
-0.080537
-0.08865
-0.10664
-0.13605
-0.16181
-0.17398
-0.18173
-0.19428
-0.20267
-0.19868
-0.19418
-0.2024
-0.21542
-0.21834
-0.21306
-0.20917
-0.20508
-0.1951
-0.1828
-0.17137
-0.15677
-0.14193
-0.14334
-0.1656
-0.19263
-0.20759
-0.22305
-0.25209
-0.28294
-0.28532
-0.25632
-0.21934
-0.19085
-0.15355
-0.092201
-0.026462
0.014224
0.034969
0.054144
0.069151
0.068544
0.065925
0.080742
0.10531
0.1141
0.10608
0.10183
0.10814
0.11313
0.11041
0.10144
0.080829
0.044396
0.0080522
-0.012675
-0.025885
-0.050593
-0.075968
-0.074418
-0.046911
-0.034098
-0.052261
-0.068654
-0.058383
-0.0434
-0.041402
-0.036022
-0.015582
-0.00206
-0.0037023
0.0078788
0.047525
0.07807
0.074672
0.065963
0.085342
0.10847
0.10142
0.070646
0.051111
0.048988
0.04653
0.034392
0.022893
0.01944
0.021696
0.029022
0.039412
0.043715
0.037436
0.031841
0.037567
0.05045
0.061343
0.07404
0.090093
0.10229
0.11099
0.13954
0.18569
0.21244
0.20154
0.19329
0.21656
0.24494
0.2471
0.24308
0.25699
0.27259
0.27224
0.27624
0.29328
0.29597
0.27151
0.25141
0.24926
0.23931
0.20916
0.18453
0.17539
0.15568
0.11636
0.08286
0.071512
0.063841
0.04633
0.028716
0.019428
0.013989
0.011312
0.016732
0.022206
0.014981
-0.0002265
-0.0060148
0.0022455
0.00641
-0.0013913
-0.0080645
0.0011927
0.018072
0.029218
0.031997
0.033783
0.045656
0.072232
0.10402
0.11786
0.11141
0.11008
0.13219
0.14531
0.12263
0.091866
0.10101
0.13461
0.14632
0.13249
0.124
0.11861
0.092962
0.061407
0.04569
0.028352
-0.0091394
-0.035781
-0.024963
-0.015743
-0.048257
-0.094895
-0.10341
-0.092411
-0.1014
-0.12204
-0.12178
-0.11456
-0.12316
-0.13414
-0.12626
-0.1149
-0.11882
-0.12198
-0.1096
-0.10185
-0.11458
-0.11585
-0.082502
-0.040166
-0.032747
-0.052784
-0.069083
-0.064407
-0.053142
-0.046479
-0.046986
-0.050712
-0.057407
-0.073853
-0.10805
-0.14699
-0.16598
-0.16513
-0.17332
-0.19426
-0.2039
-0.21127
-0.24978
-0.31142
-0.34279
-0.34759
-0.36567
-0.40368
-0.41593
-0.40891
-0.41652
-0.4207
-0.35902
-0.24469
-0.15614
-0.1205
-0.094916
-0.055297
-0.029554
-0.026277
-0.017917
0.01593
0.066707
0.11087
0.12725
0.11537
0.1137
0.14066
0.16303
0.13462
0.073236
0.032985
0.013751
-0.025311
-0.075997
-0.079029
-0.046754
-0.046522
-0.085333
-0.091146
-0.052773
-0.033984
-0.047356
-0.016614
0.068013
0.12332
0.11228
0.10943
0.14785
0.16442
0.13044
0.11655
0.16253
0.21064
0.224
0.23214
0.25181
0.25702
0.24939
0.26049
0.28611
0.29183
0.27821
0.27616
0.28606
0.28709
0.28044
0.27971
0.2864
0.30092
0.32425
0.3404
0.336
0.33063
0.34798
0.369
0.36043
0.33018
0.30737
0.29152
0.25968
0.21615
0.17944
0.15296
0.1251
0.10553
0.10183
0.1059
0.10399
0.10185
0.10401
0.10875
0.11695
0.12871
0.1267
0.096879
0.063051
0.061069
0.079867
0.07315
0.038024
0.021474
0.036622
0.04772
0.037455
0.039559
0.065334
0.087507
0.092162
0.11104
0.15603
0.1956
0.20982
0.21413
0.216
0.19197
0.14492
0.10573
0.08575
0.058235
0.017655
-0.014929
-0.033875
-0.055624
-0.083301
-0.10194
-0.11308
-0.11675
-0.10462
-0.069827
-0.037916
-0.021556
-0.015643
0.0010292
0.029131
0.063541
0.088273
0.096295
0.089135
0.087255
0.093608
0.092299
0.07622
0.062623
0.054866
0.045299
0.03574
0.032954
0.030963
0.019482
0.0050666
-0.0014765
0.0024496
0.0044886
0.0024907
-0.0023834
-0.0017726
0.0018054
0.0014905
-0.0084384
-0.012291
-0.0016589
0.0070899
-0.0030786
-0.015931
-0.014933
-0.016358
-0.03601
-0.055756
-0.060357
-0.068982
-0.092647
-0.1076
-0.10376
-0.11149
-0.14667
-0.17898
-0.18724
-0.19099
-0.20816
-0.22188
-0.22125
-0.22315
-0.24211
-0.2648
-0.27865
-0.29015
-0.3061
-0.31777
-0.31834
-0.31381
-0.31214
-0.31521
-0.3221
-0.32682
-0.32484
-0.31962
-0.32177
-0.32962
-0.33461
-0.32845
-0.32145
-0.31994
-0.31969
-0.3102
-0.30131
-0.30213
-0.309
-0.3059
-0.29052
-0.27466
-0.26655
-0.25368
-0.22924
-0.21032
-0.21223
-0.2162
-0.1981
-0.17079
-0.1644
-0.17328
-0.16284
-0.13157
-0.11243
-0.11558
-0.11096
-0.087397
-0.068319
-0.069378
-0.074629
-0.068425
-0.058174
-0.053794
-0.055744
-0.05752
-0.060549
-0.063623
-0.071244
-0.08761
-0.11067
-0.13006
-0.14366
-0.15808
-0.17478
-0.18805
-0.1935
-0.19066
-0.1831
-0.17639
-0.17729
-0.18107
-0.17966
-0.1705
-0.16059
-0.149
-0.13015
-0.10323
-0.078553
-0.06378
-0.057663
-0.052094
-0.041861
-0.023911
-0.001082
0.022094
0.042241
0.061822
0.078624
0.093286
0.10629
0.11779
0.12162