0
-0.02257
-0.00708
0.00339
-0.00139
0.01199
0.03213
0.03521
0.02479
-0.01153
-0.04317
-0.05423
-0.06067
-0.04769
-0.00936
0.03444
0.07283
0.09006
0.06764
0.03293
0.03135
0.01264
0.0021
0.01797
0.00486
0.03088
0.05707
0.01915
-0.03141
-0.07087
-0.1055
-0.11959
-0.11184
-0.06833
-0.0421
-0.02934
0.00012
0.00661
0.02138
-0.01147
-0.0342
0.01721
0.03003
0.01334
0.03328
0.04284
0.01381
0.02291
0.0684
0.07552
0.05272
-0.00144
-0.06178
-0.0532
-0.02631
0.04384
0.1248
0.13032
0.08223
0.04182
-0.01548
-0.02306
0.01068
-0.04865
-0.09851
-0.14445
-0.21475
-0.16006
-0.02148
0.05538
0.06715
0.00729
-0.05424
-0.0686
-0.01986
0.02171
0.07561
0.12854
0.12687
0.12795
0.04613
-0.01881
0.01121
0.04222
0.03031
0.03835
0.00482
-0.10817
-0.09951
-0.04342
-0.06961
-0.07238
-0.07188
-0.06348
-0.03191
-0.04426
-0.05118
-0.03187
0.00582
0.00832
0.04954
0.12397
0.12328
0.07797
0.06615
0.0595
0.00636
0.00327
0.00608
0.08507
0.17102
0.15274
0.15788
0.16947
0.06211
-0.08563
-0.16701
-0.25652
-0.20632
-0.00081
0.05857
0.01078
0.00559
-0.09279
-0.1902
-0.08176
-0.01285
-0.02014
-0.0143
-0.03189
-0.02735
0.08363
0.17169
0.16343
0.18765
0.19499
0.15501
0.1425
0.13382
0.06787
0.04177
0.01416
0.00503
-0.05864
-0.08076
-0.03486
-0.10515
-0.2111
-0.34096
-0.39279
-0.26318
-0.03509
0.1051
0.07295
-0.00613
-0.09343
-0.09517
-0.11677
-0.13773
0.01353
0.12875
0.15511
0.2054
0.21681
0.10015
-0.01796
-0.08008
-0.1825
-0.23048
-0.10322
-0.04641
0.00628
0.07821
-0.00385
-0.05749
-0.10435
-0.09877
-0.01278
0.1125
0.12134
0.08532
0.03635
-0.15867
-0.26868
-0.19681
-0.17207
-0.19013
-0.0194
0.13715
0.19218
0.2284
0.18105
0.07091
-0.00705
-0.07844
-0.11292
-0.06767
0.01226
0.04272
0.02129
0.08837
0.1081
0.04475
0.04764
-0.02968
-0.11213
-0.19306
-0.23303
-0.16625
-0.05877
0.03161
0.12209
0.19903
0.13767
0.07463
0.0889
0.05177
-0.01918
0.03986
0.08359
0.07287
0.10314
0.08205
0.04676
0.03083
-0.03761
-0.03912
0.03536
-0.00496
-0.05547
-0.01181
0.05146
0.08101
0.06375
-0.02559
-0.11087
-0.07277
-0.02153
0.01098
0.09101
0.12884
0.17399
0.19072
0.1443
0.14918
0.15905
0.13329
0.15267
0.15476
0.08694
0.13599
0.16248
0.10808
0.05422
-0.07247
-0.1881
-0.20105
-0.20297
-0.21991
-0.12276
-0.06001
-0.07441
-0.09648
-0.15402
-0.17679
-0.1542
-0.12901
-0.08613
-0.01241
0.04317
0.04733
0.0758
0.10132
0.08171
0.09633
0.11956
0.09209
0.02886
0.00267
-0.00585
0.00627
0.0177
0.00878
0.03295
0.02107
-0.03116
-0.06515
-0.0965
-0.12614
-0.13088
-0.13632
-0.18896
-0.18561
-0.12339
-0.06855
-0.02708
-0.00098
0.00537
0.01456
0.02483
0.01432
-0.03272
-0.06762
-0.06215
-0.03004
0.02726
0.08816
0.11231
0.13538
0.18414
0.10711
0.0229
-0.01033
-0.08352
-0.07797
-0.01318
0.01136
0.0678
0.08864
0.03504
0.01788
-0.04249
-0.11673
-0.10397
-0.04733
-0.004
0.01853
0.0594
0.04358
-0.00134
-0.02848
-0.04891
-0.02674
-0.0338
-0.06871
-0.04462
0.00566
0.01185
0.01479
0.04864
0.10205
0.12229
0.10334
0.08435
0.06936
0.07248
0.08791
0.05379
0.01767
0.0512
0.0668
0.03035
0.01422
-0.01364
-0.05199
-0.07487
-0.11607
-0.1454
-0.16751
-0.14806
-0.1008
-0.04331
0.01174
0.03589
0.09159
0.12775
0.09907
0.09701
0.07256
0.03585
0.03172
0.04115
0.06548
0.05675
0.03798
0.02311
-0.00771
-0.03988
-0.0417
-0.05304
-0.01949
0.0514
0.08201
0.12211
0.11612
0.03918
-0.02941
-0.06353
-0.09583
-0.08585
-0.07242
-0.0915
-0.05788
0.01118
0.05097
0.02057
-0.03006
-0.06752
-0.11527
-0.0969
-0.05232
-0.04695
-0.047
-0.04669
-0.01733
0.04512
0.06621
0.07323
0.09314
0.06216
-0.00075
-0.06295
-0.08742
-0.06319
-0.00038
0.05189
0.06527
0.06639
0.03566
-0.01526
-0.05403
-0.08927
-0.10451
-0.10423
-0.09533
-0.06482
-0.06014
-0.07776
-0.07687
-0.06291
-0.02762
0.01992
0.03393
0.05512
0.10188
0.1085
0.07471
0.01685
-0.04646
-0.0194
0.04915
0.07894
0.1055
0.11548
0.07592
0.05566
0.01722
-0.10479
-0.25069
-0.35408
-0.39843
-0.41525
-0.39405
-0.34025
-0.23137
-0.06517
0.08851
0.18047
0.22873
0.29391
0.31802
0.22529
0.08615
-0.08615
-0.31533
-0.50295
-0.57912
-0.47833
-0.25971
-0.00466
0.27031
0.4681
0.54724
0.53147
0.50378
0.49724
0.52125
0.52089
0.46047
0.35754
0.19799
0.02723
-0.09842
-0.18101
-0.22605
-0.24772
-0.29563
-0.34274
-0.27532
-0.20091
-0.13486
0.02062
0.18143
0.284
0.37198
0.35845
0.21078
-0.01537
-0.25288
-0.40342
-0.43468
-0.34357
-0.18852
-0.00568
0.16561
0.29831
0.37357
0.42704
0.41265
0.27904
0.06958
-0.16029
-0.36261
-0.46408
-0.4079
-0.2238
-0.0171
0.1124
0.17185
0.18744
0.12976
-0.04361
-0.25681
-0.39267
-0.44675
-0.36845
-0.14661
0.09551
0.36877
0.60288
0.6824
0.67732
0.61666
0.51684
0.44809
0.49349
0.59554
0.63707
0.50763
0.27132
0.03253
-0.2314
-0.4527
-0.55277
-0.59253
-0.5979
-0.5648
-0.5537
-0.53675
-0.50757
-0.48468
-0.47518
-0.43802
-0.35101
-0.19938
-0.02063
0.13942
0.26521
0.32082
0.34856
0.37336
0.35628
0.35412
0.53305
0.76454
0.87007
0.8081
0.66472
0.50029
0.33025
0.14593
-0.09155
-0.20733
-0.25508
-0.32186
-0.32512
-0.37208
-0.48055
-0.60951
-0.76893
-0.96424
-1.1607
-1.27768
-1.27622
-1.19297
-1.01152
-0.76134
-0.46291
-0.20801
-0.07387
-0.07319
-0.05141
0.16801
0.50469
0.91796
1.3045
1.49516
1.5484
1.61345
1.64827
1.34913
0.36241
-0.27473
-0.48978
-1.04359
-1.39165
-1.37536
-1.39463
-1.41806
-1.38486
-1.44245
-1.52615
-1.57902
-1.63905
-1.6887
-1.73005
-1.71697
-1.5181
-1.14922
-0.64546
-0.16118
0.17826
0.50066
0.80974
1.07195
1.32305
1.63639
2.03772
2.37346
2.56801
2.6634
2.70361
2.64538
2.41948
2.08099
1.72039
1.55943
1.52177
1.3725
1.27418
1.13197
0.80815
0.26336
-0.55526
-1.48904
-2.00472
-2.1586
-2.2722
-2.23159
-1.90868
-1.63396
-1.38779
-0.93272
-0.13932
0.47319
0.70341
0.89634
1.01777
1.05341
0.92733
0.77611
0.65704
0.54516
0.28826
0.03976
-0.12548
-0.31021
-0.57548
-0.77762
-0.8063
-0.70074
-0.5495
-0.55284
-0.64628
-0.67015
-0.66458
-0.69882
-0.76789
-0.83733
-0.81193
-0.61313
-0.32343
-0.12967
-0.01344
0.05437
0.08519
0.07862
0.07193
0.03321
-0.07789
-0.22406
-0.33636
-0.41503
-0.49459
-0.53263
-0.53046
-0.44835
-0.28417
-0.10536
0.02464
0.17363
0.36977
0.55838
0.67248
0.72219
0.77194
0.83961
0.87225
0.92668
1.00588
1.08098
1.20713
1.31213
1.36376
1.40588
1.38963
1.23349
0.80765
0.38849
0.25748
0.3189
0.4412
0.46706
0.30293
-0.00036
-0.38426
-0.81182
-1.10156
-1.2561
-1.32871
-1.32445
-1.19643
-1.08296
-0.97033
-0.82988
-0.76716
-0.59357
-0.42752
-0.28084
-0.09896
0.06727
0.18183
0.22137
0.21975
0.14021
0.00842
-0.13589
-0.21516
-0.2164
-0.18317
-0.16675
-0.12994
-0.0561
0.07299
0.20959
0.30307
0.31951
0.10614
-0.26864
-0.49041
-0.61395
-0.70152
-0.5936
-0.42841
-0.28714
-0.10422
-0.00209
0.0741
0.25064
0.37237
0.38547
0.35614
0.33195
0.35313
0.397
0.42529
0.35218
0.28124
0.25995
0.22585
0.19688
0.14835
0.11764
0.14528
0.20863
0.23292
0.24935
0.30353
0.29392
0.26573
0.21185
0.1217
0.08903
0.0261
-0.055
-0.12452
-0.20196
-0.22208
-0.22218
-0.18203
-0.08787
0.02101
0.0886
0.0889
0.02265
-0.07951
-0.1953
-0.33717
-0.45142
-0.56256
-0.64052
-0.66629
-0.56537
-0.39285
-0.29445
-0.26164
-0.27862
-0.33453
-0.38296
-0.40425
-0.40656
-0.3954
-0.36453
-0.27647
-0.19768
-0.14519
-0.07378
0.00098
0.0448
0.06713
0.10962
0.17116
0.22189
0.25671
0.27107
0.25592
0.23103
0.20519
0.13895
0.0145
-0.04851
-0.01943
0.05111
0.17086
0.31726
0.46405
0.60362
0.71834
0.82579
0.87474
0.89493
0.91095
0.85756
0.76045
0.64384
0.53712
0.40333
0.20809
0.04462
-0.03942
-0.09108
-0.13243
-0.13745
-0.10183
-0.06019
0.02407
0.16059
0.22087
0.24887
0.24935
0.15835
0.00027
-0.17299
-0.32697
-0.50828
-0.66725
-0.77711
-0.79347
-0.76099
-0.67981
-0.56023
-0.46038
-0.32052
-0.11485
0.02956
0.0384
-0.01239
-0.10706
-0.24658
-0.35308
-0.4103
-0.40865
-0.37724
-0.40063
-0.46134
-0.50826
-0.49459
-0.47141
-0.46758
-0.45208
-0.41098
-0.33028
-0.2347
-0.13565
-0.03159
0.03062
0.08023
0.11997
0.14124
0.16483
0.208
0.28535
0.36002
0.40508
0.4378
0.4707
0.50093
0.54959
0.60717
0.65312
0.66247
0.67745
0.71516
0.71649
0.65119
0.52186
0.36421
0.21507
0.07984
-0.03808
-0.08128
-0.08111
-0.09328
-0.09778
-0.121
-0.12418
-0.0961
-0.06772
-0.03983
-0.00625
0.02251
0.04055
0.05624
0.07141
0.05637
0.00207
-0.0569
-0.10983
-0.1502
-0.17849
-0.20096
-0.22014
-0.24585
-0.26496
-0.27865
-0.29448
-0.32756
-0.38079
-0.42731
-0.47415
-0.50091
-0.4977
-0.47867
-0.40218
-0.28017
-0.17181
-0.10042
-0.05246
-0.02995
-0.00789
0.01172
0.04217
0.08656
0.12813
0.16533
0.17675
0.17131
0.1556
0.14315
0.12651
0.12128
0.12976
0.14307
0.14731
0.12428
0.04984
0.01872
0.05421
0.09043
0.12518
0.16252
0.18865
0.2195
0.23809
0.25474
0.24548
0.19261
0.08717
-0.03318
-0.09844
-0.15586
-0.16786
-0.19141
-0.16911
-0.09216
-0.01948
0.05707
0.12452
0.20402
0.26587
0.3272
0.35772
0.32428
0.27669
0.20738
0.13421
0.07429
0.02759
-0.03542
-0.09992
-0.14285
-0.18095
-0.20056
-0.17261
-0.11708
-0.0822
-0.05028
-0.0114
0.00935
-0.00632
-0.06563
-0.12248
-0.13813
-0.16698
-0.21041
-0.20317
-0.14048
-0.06514
-0.00937
0.02677
0.06435
0.10001
0.11801
0.11046
0.08267
0.05041
-0.00297
-0.06025
-0.11607
-0.17323
-0.22133
-0.26131
-0.2834
-0.28516
-0.25898
-0.22533
-0.19992
-0.15125
-0.10346
-0.09169
-0.10186
-0.08059
-0.00449
0.10215
0.18893
0.27408
0.33823
0.36145
0.35639
0.29438
0.20148
0.12974
0.11627
0.12694
0.15121
0.17139
0.19437
0.20703
0.20469
0.1972
0.1559
0.08425
0.0387
0.01437
0.01255
0.01241
0.03507
0.08712
0.11363
0.14787
0.1443
0.06782
0.00722
-0.00976
-0.01247
-0.00183
0.01049
0.018
-0.00386
-0.04743
-0.06759
-0.06482
-0.07276
-0.07238
-0.03871
0.01171
0.05824
0.0897
0.06444
0.00834
-0.06148
-0.11592
-0.16213
-0.20196
-0.20449
-0.18412
-0.16
-0.14511
-0.10809
-0.03935
0.0237
0.06033
0.10961
0.14848
0.16624
0.17191
0.15582
0.06554
-0.04357
-0.10144
-0.12578
-0.11927
-0.10097
-0.08549
-0.08128
-0.06198
-0.0661
-0.08464
-0.10385
-0.1233
-0.12532
-0.12091
-0.10343
-0.10377
-0.11448
-0.13737
-0.16457
-0.17886
-0.19041
-0.19264
-0.19025
-0.17561
-0.1523
-0.10568
-0.04718
0.00462
0.03077
0.03235
0.03583
0.02917
0.0166
0.00375
-0.00568
-0.01642
-0.00802
0.00895
0.03814
0.07046
0.10707
0.14676
0.17628
0.18781
0.18741
0.17365
0.15871
0.14428
0.11291
0.09562
0.08459
0.08587
0.09069
0.0885
0.07423
0.06378
0.04805
0.03152
0.03299
0.03493
0.02834
0.02108
0.01884
0.0088
0.00459
0.00004
0.00677
0.014
0.00148
-0.01018
-0.03939
-0.06839
-0.08096
-0.08332
-0.07564
-0.07266
-0.07464
-0.07516
-0.08237
-0.10314
-0.119
-0.1355
-0.14564
-0.15137
-0.16819
-0.18331
-0.19929
-0.21574
-0.23358
-0.23669
-0.21088
-0.15553
-0.07838
-0.01976
0.02293
0.06235
0.08204
0.08078
0.07329
0.07702
0.08782
0.08623
0.09265
0.10326
0.11264
0.11646
0.10634
0.07453
0.03192
-0.00188
-0.01129
-0.01202
0.00588
0.04373
0.08028
0.10771
0.12804
0.14117
0.14298
0.13606
0.12604
0.12615
0.11929
0.10245
0.08077
0.05935
0.04154
0.03836
0.01854
0.017
0.02747
0.02274
0.00845
-0.01335
-0.03964
-0.06454
-0.08897
-0.10098
-0.10455
-0.11274
-0.09795
-0.06879
-0.02855
-0.00321
0.00737
0.01027
0.02069
0.01544
0.00985
0.00475
-0.00556
-0.00275
-0.00602
-0.00394
-0.00436
-0.01519
-0.03491
-0.04437
-0.04583
-0.04058
-0.03309
-0.03474
-0.04033
-0.04538
-0.04745
-0.04293
-0.0346
-0.02155
0.00077
0.03217
0.05416
0.06782
0.0816
0.09529
0.1124
0.12559
0.13929
0.15242
0.14543
0.14219
0.14383
0.13678
0.12868
0.12567
0.10917
0.07545
0.02669
-0.0419
-0.11162
-0.16956
-0.21217
-0.22106
-0.20965
-0.20051
-0.19234
-0.18102
-0.16815
-0.14314
-0.10261
-0.08214
-0.06536
-0.04363
-0.02095
0.02969
0.06654
0.07007
0.04712
0.01359
-0.029
-0.06911
-0.10895
-0.13999
-0.13901
-0.1415
-0.10177
-0.04492
-0.0145
-0.03218
-0.07541
-0.10366
-0.10324
-0.08773
-0.08537
-0.08026
-0.04536
0.00604
0.04276
0.05506
0.05225
0.06515
0.09025
0.12542
0.16433
0.21691
0.2729
0.31568
0.33896
0.34929
0.36076
0.35539
0.33748
0.29823
0.2574
0.23177
0.20033
0.1543
0.0748
-0.00919
-0.0654
-0.10172
-0.13311
-0.14925
-0.15709
-0.15598
-0.14167
-0.1306
-0.11632
-0.1002
-0.08103
-0.05343
-0.04588
-0.04194
-0.03588
-0.02395
-0.01534
-0.01349
-0.00398
-0.00712
0.00274
0.00987
0.02619
0.03646
0.02058
0.00299
-0.02446
-0.05377
-0.08039
-0.10451
-0.11384
-0.11336
-0.11696
-0.11127
-0.08931
-0.07279
-0.05926
-0.04362
-0.05112
-0.05983
-0.05343
-0.03309
-0.01847
-0.01448
-0.01644
-0.00151
0.02392
0.05034
0.06998
0.08506
0.09907
0.08982
0.08855
0.08311
0.0748
0.05958
0.04121
0.02105
0.01201
0.01423
0.01406
0.00642
-0.01492
-0.01094
-0.01885
-0.02525
-0.01443
0.00068
0.0253
0.0442
0.06727
0.07172
0.0708
0.06204
0.06053
0.04952
0.04419
0.03609
0.0141
-0.00274
-0.027
-0.05405
-0.06907
-0.06439
-0.06787
-0.05449
-0.03253
-0.01369
0.00083
0.01447
0.01759
-0.00384
-0.03623
-0.06049
-0.08093
-0.0938
-0.09171
-0.07208
-0.06644
-0.07763
-0.06742
-0.0643
-0.06441
-0.06422
-0.06428
-0.0637
-0.0651
-0.04751
-0.03049
-0.01286
0.00801
0.01738
0.02208
0.01575
-0.00293
-0.03351
-0.06066
-0.06379
-0.06162
-0.06409
-0.04905
-0.01761
0.01236
0.04618
0.07295
0.09771
0.10704
0.10441
0.08744
0.06249
0.04932
0.03327
0.0223
0.02207
0.02263
0.02256
0.02465
0.03033
0.04678
0.05224
0.04976
0.05176
0.04028
0.02522
0.00826
-0.0125
-0.03218
-0.05419
-0.06408
-0.08352
-0.08893
-0.08728
-0.08759
-0.08901
-0.07371
-0.05682
-0.06275
-0.05665
-0.05576
-0.0517
-0.05376
-0.06037
-0.05997
-0.05988
-0.05534
-0.02338
-0.00349
0.00824
0.0212
0.0307
0.03698
0.02688
0.02084
0.0325
0.05256
0.07117
0.10193
0.10697
0.12309
0.14045
0.15699
0.16156
0.16064
0.13916
0.10453
0.06936
0.04484
0.04639
0.03159
0.02514
0.02944
0.02181
0.01664
0.00662
-0.01422
-0.0133
-0.01437
-0.01462
-0.01406
-0.01634
-0.00777
0.00703
0.01439
0.00955
0.01487
-0.00276
-0.01701
-0.0247
-0.04446
-0.04643
-0.06804
-0.07564
-0.07289
-0.07695
-0.06872
-0.05027
-0.05375
-0.0687
-0.06515
-0.05147
-0.05192
-0.05384
-0.04077
-0.02123
-0.0042
0.01224
0.02703
0.03427
0.04919
0.05489
0.05172
0.03497
0.00217
-0.03355
-0.059
-0.07968
-0.08825
-0.08391
-0.08889
-0.06929
-0.0567
-0.05618
-0.03097
-0.02869
-0.00956
-0.0026
0.00318
0.02495
0.02791
0.03444
0.02811
0.02836
0.02834
0.02784
0.02861
0.02778
0.02918
0.02769
0.03011
0.02571
0.03832
0.05636
0.05586
0.05575
0.05712
0.05505
0.06924
0.08592
0.08406
0.08324
0.06662
0.0642
0.07448
0.07855
0.08198
0.08269
0.07891
0.07936
0.08176
0.07861
0.08048
0.06256
0.0514
0.04186
0.01729
0.00239
-0.02122
-0.0408
-0.07022
-0.09177
-0.09141
-0.11145
-0.12171
-0.11958
-0.12125
-0.1198
-0.12162
-0.11618
-0.09779
-0.09193
-0.09289
-0.09205
-0.09303
-0.0921
-0.0933
-0.09215
-0.09521
-0.08553
-0.07824
-0.06914
-0.0679
-0.06876
-0.06843
-0.06932
-0.06814
-0.06835
-0.04511
-0.04073
-0.02342
-0.01104
0.00331
0.01866
0.01616
-0.00094
-0.01407
-0.01322
-0.01342
-0.00847
-0.01221
-0.00891
0.0134
0.01681
0.0166
0.01437
0.02704
0.04946
0.06917
0.09548
0.10181
0.12467
0.12417
0.12728
0.12048
0.10055
0.08745
0.06736
0.04988
0.02356
0.01298
-0.00315
-0.01578
-0.01231
-0.01563
-0.01087
-0.00511
0.00248
0.01278
0.02152
0.03848
0.04238
0.04226
0.03294
0.01286
0.01487
0.01356
0.00515
-0.00364
-0.01102
-0.00833
-0.01207
-0.01359
-0.0107
-0.01515
-0.02076
-0.0373
-0.03913
-0.04659
-0.066
-0.06773
-0.05476
-0.03968
-0.04147
-0.02697
-0.00983
0.00824
0.02511
0.04418
0.04236
0.05494
0.07281
0.06919
0.07598
0.09637
0.10072
0.09929
0.10024
0.09858
0.0779
0.07286
0.06352
0.04143
0.04452
0.04186
0.04285
0.04038
0.04083
0.03949
0.03953
0.03838
0.03806
0.03669
0.03722
0.03483
0.03664
0.02342
0.00717
0.00566
0.00674
-0.00527
-0.02353
-0.02236
-0.02353
-0.02318
-0.03608
-0.04423
-0.04369
-0.03401
-0.02449
-0.02907
-0.03065
-0.02927
-0.03
-0.03149
-0.03232
-0.03287
-0.03116
-0.02282
-0.01805
-0.01275
-0.00635
-0.00793
-0.00481
0.00598
0.02229
0.02055
0.02415
0.02017
0.03497
0.0519
0.05141
0.04807
0.02534
0.02147
0.00047
-0.01009
-0.01868
-0.02552
-0.01773
-0.00897
-0.00243
-0.00651
-0.00221
-0.00744
0.00539
0.02473
0.0239
0.02429
0.02426
0.0242
0.02415
0.0249
0.00074
-0.00507
-0.02275
-0.03805
-0.0552
-0.06293
-0.06058
-0.0821
-0.08928
-0.08994
-0.09005
-0.08985
-0.09046
-0.08213
-0.06427
-0.0619
-0.06232
-0.06197
-0.06215
-0.06198
-0.06021
-0.0753
-0.09045
-0.0871
-0.08924
-0.09075
-0.08788
-0.08673
-0.06459
-0.057
-0.04131
-0.02259
-0.00559
0.00087
-0.00096
0.00099
0.00164
-0.01569
-0.0278
-0.02378
-0.0258
-0.02327
-0.02513
-0.02378
-0.02885
-0.02285
-0.02742
-0.01967
-0.00134
0.02152
0.02796
0.03937
0.0563
0.05262
0.05392
0.05199
0.05198
0.03556
0.02592
0.02609
0.04749
0.05223
0.05454
0.078
0.07872
0.07971
0.07841
0.08072
0.07759
0.08933
0.10734
0.10604
0.0902
0.07825
0.06713
0.04224
0.02647
0.00649
-0.00587
-0.00414
-0.0047
-0.00467
-0.00435
-0.00505
-0.00473
-0.00539
-0.00363
-0.02304
-0.03421
-0.03284
-0.03256
-0.041
-0.06205
-0.06089
-0.06199
-0.06073
-0.06141
-0.06003
-0.06119
-0.06079
-0.06266
-0.05757
-0.03646
-0.03267
-0.03362
-0.03246
-0.04098
-0.06264
-0.06003
-0.06428
-0.04653
-0.03171
-0.03357
-0.03406
-0.0262
-0.00378
-0.0079
0.01399
0.02333
0.02164
0.0236
0.02295
0.02354
0.02332
0.02377
0.02336
0.02367
0.02346
0.02354
0.02359
0.02338
0.02371
0.02195
0.0344
0.05042
0.04899
0.05238
0.05678
0.07242
0.0791
0.07635
0.07758
0.07114
0.06585
0.0674
0.06139
0.05221
0.0508
0.04895
0.05108
0.04848
0.05275
0.06532
0.07428