0
-0.007
0.008
0.016
0
-0.024
-0.029
-0.011
0.01
0.002
-0.03
-0.032
-0.011
0.001
0.009
0.009
-0.009
-0.027
-0.03
-0.007
0.032
0.039
0.008
-0.02
-0.042
-0.045
-0.025
-0.002
0.027
0.036
-0.014
-0.095
-0.097
-0.048
-0.012
0.076
0.066
-0.055
-0.087
-0.07
-0.041
0.054
0.068
0.01
-0.017
0
-0.016
-0.047
0
-0.01
-0.039
0.045
0.047
-0.024
0.012
0.069
0.016
-0.073
-0.132
-0.104
-0.024
0.08
0.077
-0.015
-0.058
-0.089
-0.083
-0.028
0.04
0.068
0.04
-0.038
-0.127
-0.049
0.107
0.145
0.052
-0.013
-0.023
-0.048
-0.089
-0.084
0.004
0.066
0.043
0.068
0.057
-0.052
-0.098
-0.083
-0.05
-0.009
0.026
0.056
0.073
0.048
-0.008
-0.06
-0.072
-0.013
0.061
0.099
0.064
0.01
-0.062
-0.116
-0.062
-0.008
-0.005
-0.017
-0.013
0.026
0.053
0.04
-0.007
-0.042
-0.067
-0.053
-0.009
0.009
-0.014
-0.04
-0.049
-0.04
-0.001
0.032
0.028
-0.002
-0.028
-0.05
-0.042
-0.033
-0.05
-0.044
0.006
0.053
0.027
0.016
0.01
-0.015
0.036
-0.005
-0.063
-0.055
-0.017
0.021
0.038
0.114
0.087
0
-0.023
-0.062
-0.082
-0.082
-0.069
-0.055
-0.014
0.057
0.067
0.023
0.003
-0.02
-0.035
-0.071
0.007
0.101
0.047
0.026
0.044
-0.02
-0.091
-0.007
0.071
0.009
-0.028
0.023
-0.035
-0.123
-0.044
0.077
0.102
0.004
-0.007
-0.001
-0.02
0.033
0.063
0.02
-0.045
-0.103
-0.045
0.02
0.018
0.162
0.059
-0.129
-0.032
-0.039
-0.072
0.023
0.099
0.133
0.031
-0.031
0.01
0.059
0.136
0.038
-0.113
-0.079
-0.053
-0.043
-0.076
0
0.11
-0.013
0.013
0.01
-0.074
0.049
0.081
-0.069
-0.065
0.056
0.083
0.17
0.105
-0.057
-0.127
-0.025
0.198
0.11
0.075
0.222
0.2
0.289
0.349
0.137
0.502
0.703
0.559
0.622
0.546
0.528
0.425
0.508
0.735
0.734
0.699
0.443
0.111
-0.207
-0.548
-0.826
-0.653
-0.758
-0.915
-0.739
-0.47
-0.049
0.37
0.324
0.136
0.026
0.007
-0.219
-0.655
-0.522
-0.644
-0.93
-0.886
-0.76
-0.398
-0.226
0.051
0.225
0.118
0.192
0.165
0.385
0.537
0.419
0.358
0.229
0.11
-0.27
-0.683
-0.394
0.317
0.841
0.78
0.726
0.751
0.838
1.002
1.044
0.831
0.438
-0.215
-0.739
-0.763
-0.94
-1.572
-1.989
-1.947
-1.463
-0.46
0.772
1.543
1.74
1.823
1.832
1.665
1.146
0.264
-0.376
-0.916
-1.138
-1.18
-1.407
-1.405
-0.949
-0.643
-0.492
-0.377
-0.182
0.126
0.18
-0.189
-0.566
-0.782
-0.535
0.124
0.726
0.875
0.594
0.414
0.308
-0.077
-0.889
-1.416
-0.707
0.357
0.733
0.15
-0.259
0.364
1.032
1.007
0.975
1.051
0.909
0.417
-0.492
-1.334
-1.685
-1.756
-1.941
-2.004
-1.497
-0.526
0.271
0.333
0.456
0.845
1.257
1.617
1.708
1.419
1.051
1.056
1.349
1.355
0.868
-0.73
-3.253
-4.257
-3.598
-2.903
-2.491
-1.823
-0.353
1.665
2.294
2.089
1.66
0.954
0.343
0.811
1.823
1.556
0.4
-0.977
-1.665
-1.167
-0.651
-0.234
0.171
0.546
0.89
1.37
1.709
1.058
-0.105
-0.583
0.043
0.5
0.078
-0.324
-0.152
0.446
0.853
0.709
0.463
0.404
0.601
0.73
0.475
-0.082
-0.679
-0.845
-0.929
-1.302
-1.707
-1.694
-0.974
0.284
1.35
1.277
0.874
0.788
0.66
0.395
0.282
0.215
-0.04
-0.144
-0.122
-0.451
-0.97
-1.341
-1.288
-0.979
-0.9
-0.926
-0.816
-0.464
-0.072
0.012
-0.089
-0.004
0.194
0.118
-0.203
-0.248
-0.116
-0.236
-0.531
-0.684
-0.616
-0.395
-0.202
-0.023
0.112
0.095
-0.015
-0.047
0.069
0.225
0.322
0.384
0.43
0.465
0.465
0.377
0.191
-0.003
-0.074
-0.08
-0.02
0.102
0.188
0.17
0.169
0.206
0.23
0.158
0.005
-0.004
0.175
0.264
0.133
-0.045
-0.059
0.056
0.124
0.111
0.11
0.193
0.31
0.374
0.38
0.333
0.3
0.285
0.247
0.258
0.389
0.545
0.598
0.529
0.439
0.293
0.03
-0.275
-0.487
-0.507
-0.424
-0.284
-0.119
-0.063
-0.104
-0.083
-0.004
0.052
0.09
0.14
0.208
0.284
0.314
0.218
0.081
0.05
0.076
0.091
0.092
0.141
0.3
0.425
0.494
0.525
0.443
0.362
0.373
0.411
0.355
0.229
0.104
0.003
-0.004
0.005
-0.145
-0.284
-0.359
-0.485
-0.668
-0.812
-0.868
-0.82
-0.73
-0.644
-0.642
-0.681
-0.666
-0.611
-0.553
-0.478
-0.354
-0.147
0.087
0.333
0.472
0.464
0.392
0.249
0.074
-0.069
-0.153
-0.184
-0.197
-0.209
-0.188
-0.115
-0.062
-0.046
-0.044
-0.03
0
0.033
0.057
0.101
0.196
0.32
0.418
0.489
0.548
0.594
0.617
0.615
0.612
0.597
0.575
0.546
0.5
0.436
0.336
0.207
0.093
0.023
-0.022
-0.07
-0.125
-0.158
-0.11
-0.04
-0.075
-0.197
-0.291
-0.351
-0.381
-0.357
-0.33
-0.342
-0.381
-0.36
-0.279
-0.201
-0.122
-0.046
0.021
0.063
0.085
0.122
0.181
0.238
0.255
0.192
0.084
-0.028
-0.09
-0.115
-0.113
-0.09
-0.069
-0.051
-0.035
-0.017
0.007
0.039
0.091
0.175
0.237
0.246
0.212
0.108
0.015
-0.017
-0.059
-0.096
-0.098
-0.026
0.015
-0.039
-0.122
-0.212
-0.311
-0.385
-0.417
-0.444
-0.465
-0.437
-0.333
-0.175
-0.033
0.02
0.027
0.021
0.031
0.092
0.167
0.184
0.143
0.125
0.142
0.134
0.072
0
-0.054
-0.074
-0.123
-0.163
-0.177
-0.167
-0.145
-0.111
-0.029
0.092
0.221
0.293
0.302
0.295
0.261
0.225
0.185
0.144
0.1
0.065
0.036
-0.007
-0.08
-0.138
-0.136
-0.141
-0.186
-0.221
-0.193
-0.093
-0.009
0.011
-0.029
-0.059
-0.078
-0.09
-0.093
-0.07
-0.068
-0.134
-0.201
-0.242
-0.287
-0.297
-0.237
-0.185
-0.195
-0.205
-0.143
-0.074
-0.081
-0.079
-0.037
0.025
0.105
0.176
0.187
0.153
0.122
0.1
0.129
0.198
0.221
0.183
0.167
0.165
0.125
0.047
-0.016
-0.044
-0.028
0.025
0.088
0.169
0.248
0.31
0.344
0.374
0.404
0.408
0.383
0.357
0.285
0.136
0.019
-0.031
-0.048
-0.062
-0.079
-0.094
-0.11
-0.127
-0.154
-0.193
-0.243
-0.3
-0.303
-0.265
-0.234
-0.203
-0.172
-0.143
-0.137
-0.169
-0.203
-0.236
-0.269
-0.273
-0.193
-0.098
-0.053
-0.041
-0.016
0.03
0.058
0.052
0.009
-0.036
-0.082
-0.085
-0.047
-0.018
0.009
0.048
0.093
0.127
0.151
0.175
0.199
0.214
0.19
0.123
0.019
-0.057
-0.057
-0.035
0.011
0.047
0.078
0.059
-0.028
-0.09
-0.073
-0.057
-0.066
-0.05
-0.005
-0.008
-0.081
-0.124
-0.07
-0.01
-0.005
0.001
0.019
0.047
0.075
0.109
0.14
0.165
0.184
0.209
0.233
0.218
0.158
0.133
0.117
0.092
0.086
0.13
0.176
0.209
0.238
0.262
0.277
0.253
0.218
0.206
0.181
0.119
0.036
-0.02
-0.034
-0.051
-0.064
-0.069
-0.069
-0.07
-0.07
-0.066
-0.06
-0.057
-0.061
-0.067
-0.066
-0.049
-0.025
-0.004
0.017
0.037
0.046
0.025
0
0.011
0.042
0.06
0.042
0.005
-0.011
-0.023
-0.065
-0.114
-0.124
-0.117
-0.125
-0.151
-0.186
-0.218
-0.207
-0.178
-0.153
-0.123
-0.094
-0.071
-0.077
-0.101
-0.114
-0.096
-0.063
-0.043
-0.047
-0.063
-0.067
-0.064
-0.059
-0.037
0.003
0.038
0.045
0.012
-0.012
-0.005
0.02
0.039
0.054
0.062
0.071
0.061
0.024
-0.015
-0.051
-0.06
-0.027
-0.003
-0.024
-0.061
-0.084
-0.067
-0.022
0.001
0.015
0.031
0.053
0.079
0.104
0.128
0.145
0.133
0.094
0.06
0.032
0.006
-0.022
-0.039
-0.019
-0.003
-0.052
-0.126
-0.175
-0.161
-0.124
-0.127
-0.16
-0.189
-0.2
-0.194
-0.189
-0.183
-0.172
-0.153
-0.134
-0.114
-0.095
-0.076
-0.056
-0.031
0.001
0.032
0.056
0.072
0.089
0.105
0.119
0.131
0.144
0.156
0.165
0.168
0.158
0.133
0.11
0.097
0.104
0.114
0.109
0.092
0.086
0.093
0.1
0.11
0.13
0.143
0.116
0.068
0.026
-0.02
-0.066
-0.108
-0.134
-0.144
-0.148
-0.156
-0.166
-0.16
-0.12
-0.107
-0.113
-0.07
-0.043
-0.066
-0.089
-0.115
-0.146
-0.187
-0.227
-0.26
-0.245
-0.184
-0.152
-0.159
-0.167
-0.174
-0.174
-0.147
-0.109
-0.082
-0.067
-0.055
-0.031
0.004
0.037
0.065
0.089
0.119
0.153
0.169
0.152
0.133
0.115
0.1
0.087
0.08
0.078
0.076
0.085
0.114
0.139
0.145
0.135
0.1
0.05
-0.01
-0.054
-0.074
-0.065
-0.054
-0.04
-0.006
0.039
0.051
0.037
0.031
0.05
0.076
0.074
0.054
0.042
0.058
0.096
0.118
0.113
0.103
0.099
0.099
0.101
0.102
0.11
0.125
0.141
0.157
0.163
0.155
0.143
0.13
0.101
0.062
0.032
0.01
-0.012
-0.031
-0.053
-0.089
-0.111
-0.096
-0.075
-0.084
-0.109
-0.126
-0.114
-0.084
-0.061
-0.045
-0.03
-0.012
0.013
0.035
0.036
0.04
0.081
0.127
0.15
0.165
0.163
0.147
0.133
0.111
0.076
0.037
-0.01
-0.063
-0.092
-0.087
-0.08
-0.078
-0.09
-0.115
-0.129
-0.109
-0.069
-0.034
-0.006
0.007
0.018
0.027
0.023
0.002
-0.014
-0.01
0.009
-0.003
-0.031
-0.04
-0.023
-0.009
-0.023
-0.039
-0.036
-0.034
-0.037
-0.043
-0.044
-0.035
-0.022
-0.02
-0.022
0.009
0.054
0.065
0.058
0.054
0.049
0.044
0.043
0.058
0.084
0.109
0.124
0.118
0.106
0.096
0.082
0.068
0.054
0.041
0.031
0.024
0.016
0.005
-0.012
-0.015
-0.001
0.011
0.028
0.049
0.072
0.081
0.052
0.006
-0.034
-0.058
-0.05
-0.038
-0.03
-0.036
-0.048
-0.059
-0.07
-0.08
-0.086
-0.091
-0.097
-0.102
-0.108
-0.116
-0.124
-0.133
-0.14
-0.144
-0.145
-0.147
-0.148
-0.137
-0.109
-0.08
-0.053
-0.027
-0.002
0.023
0.05
0.076
0.101
0.121
0.137
0.149
0.144
0.125
0.107
0.097
0.1
0.105
0.108
0.097
0.07
0.043
0.018
0
-0.013
-0.028
-0.042
-0.06
-0.08
-0.101
-0.125
-0.156
-0.185
-0.187
-0.155
-0.123
-0.096
-0.081
-0.07
-0.059
-0.05
-0.049
-0.051
-0.042
-0.015
0.014
0.029
0.02
0.006
-0.005
-0.015
-0.014
-0.007
-0.001
-0.001
-0.009
-0.015
-0.011
0.002
0.013
0.024
0.028
0.022
0.014
-0.013
-0.076
-0.095
-0.081
-0.077
-0.07
-0.063
-0.052
-0.042
-0.031
-0.019
0.003
0.035
0.062
0.081
0.099
0.113
0.112
0.101
0.092
0.082
0.073
0.063
0.054
0.047
0.044
0.04
0.039
0.043
0.048
0.053
0.059
0.071
0.087
0.087
0.07
0.053
0.036
0.019
0.004
-0.002
0
0.001
-0.001
-0.011
-0.016
0.001
0.024
0.045
0.065
0.073
0.072
0.073
0.072
0.066
0.057
0.052
0.049
0.046
0.036
0.017
-0.002
-0.016
-0.024
-0.02
-0.001
0.017
0.031
0.028
0.016
0.008
0.01
0.023
0.035
0.047
0.057
0.061
0.064
0.067
0.064
0.056
0.049
0.04
0.023
0.006
0.002
0.002
-0.013
-0.048
-0.079
-0.104
-0.123
-0.119
-0.095
-0.077
-0.067
-0.061
-0.054
-0.047
-0.039
-0.031
-0.024
-0.019
-0.014
-0.009
-0.004
0.002
0.009
0.016
0.026
0.034
0.028
0.011
-0.004
-0.02
-0.034
-0.047
-0.06
-0.071
-0.073
-0.065
-0.059
-0.052
-0.046
-0.039
-0.033
-0.026
-0.02
-0.014
-0.009
0.001
0.02
0.043
0.063
0.076
0.075
0.074
0.074
0.075
0.082
0.094
0.1
0.083
0.051
0.022
-0.006
-0.016
-0.003
0.002
-0.013
-0.032
-0.03
-0.018
-0.014
-0.023
-0.035
-0.035
-0.019
-0.009
-0.019
-0.028
-0.037
-0.045
-0.048
-0.046
-0.046
-0.045
-0.044
-0.044
-0.044
-0.045
-0.045
-0.043
-0.038
-0.033
-0.027
-0.015
0
0.017
0.042
0.068
0.094
0.115
0.109
0.078
0.05
0.03
0.027
0.028
0.027
0.028
0.031
0.038
0.039
0.026
0.011
-0.002
-0.011
-0.018
-0.028
-0.048
-0.07
-0.074
-0.067
-0.063
-0.057
-0.044
-0.025
-0.007
0.001
-0.016
-0.039
-0.055
-0.063
-0.07
-0.076
-0.076
-0.072
-0.07
-0.068
-0.064
-0.054
-0.043
-0.032
-0.023
-0.015
-0.008
-0.007
-0.013
-0.017
-0.015
0.002
0.024
0.04
0.047
0.041
0.036
0.032
0.029
0.025
0.019
0.01
0.01
0.027
0.048
0.065
0.074
0.081
0.086
0.085
0.077
0.069
0.062
0.049
0.03
0.02
0.018
0.015
0.013
0.012
0.011
0.015
0.021
0.026
0.027
0.026
0.02
0.01
0
-0.01
-0.02
-0.031
-0.041
-0.051
-0.061
-0.068
-0.065
-0.057
-0.049
-0.038
-0.024
-0.015
-0.026
-0.047
-0.059
-0.057
-0.05
-0.046
-0.04
-0.036
-0.032
-0.028
-0.024
-0.021
-0.021
-0.021
-0.02
-0.02
-0.02
-0.021
-0.022
-0.023
-0.028
-0.037
-0.046
-0.047
-0.032
-0.013
-0.014
-0.033
-0.022
0.015
0.048
0.07
0.058
0.038
0.04
0.057
0.073
0.087
0.092
0.083
0.074
0.066
0.06
0.056
0.052
0.048
0.043
0.037
0.031
0.025
0.019
0.017
0.023
0.033
0.038
0.031
0.014
-0.001
-0.011
-0.017
-0.023
-0.029
-0.035
-0.041
-0.046
-0.044
-0.039
-0.034
-0.029
-0.024
-0.019
-0.014
-0.009
-0.005
-0.005
-0.012
-0.02
-0.024
-0.019
-0.011
-0.003
0.003
0.005
0.002
-0.002
-0.005
-0.009
-0.013
-0.02
-0.026
-0.032
-0.038
-0.044
-0.051
-0.059
-0.068
-0.077
-0.085
-0.094
-0.101
-0.106
-0.109
-0.113
-0.116
-0.113
-0.104
-0.097
-0.088
-0.077
-0.061
-0.045
-0.028
-0.013
0
0.008
0.016
0.024
0.033
0.044
0.054
0.064
0.072
0.076
0.079
0.082
0.086
0.09
0.096
0.103
0.11
0.114
0.109
0.099
0.09
0.081
0.073
0.065
0.059
0.052
0.045
0.04
0.039
0.041
0.042
0.044
0.045
0.045
0.042
0.038
0.034
0.03
0.026
0.021
0.014
0.004
-0.004
-0.013
-0.022
-0.031
-0.039
-0.048
-0.057
-0.066
-0.074
-0.079
-0.081
-0.083
-0.08
-0.07
-0.059
-0.049
-0.039
-0.03
-0.027
-0.03
-0.031
-0.033
-0.033
-0.029
-0.02
-0.012
-0.003
0.006
0.016
0.032
0.044
0.041
0.033
0.027
0.02
0.013
0.01
0.018
0.033
0.046
0.058
0.056
0.041
0.028
0.015
0.002
-0.011
-0.021
-0.031
-0.041
-0.048
-0.045
-0.035
-0.032
-0.041
-0.056
-0.069
-0.079
-0.081
-0.081
-0.081
-0.08
-0.075
-0.065
-0.055
-0.045
-0.033
-0.019
-0.004
0.008
0.013
0.015
0.019
0.022
0.025
0.028
0.031
0.033
0.036
0.038
0.041
0.044
0.046
0.049
0.048
0.042
0.035
0.029
0.022
0.015
0.008
0
-0.008
-0.014
-0.013
-0.007
-0.001
0.004
0.01
0.017
0.024
0.031
0.033
0.033
0.033
0.033
0.032
0.032
0.032
0.027
0.016
0.004
-0.008
-0.019
-0.022
-0.015
-0.008
0
0.009
0.021
0.033
0.043
0.044
0.036
0.028
0.023
0.026
0.034
0.04
0.048
0.055
0.059
0.055
0.049
0.043
0.038
0.033
0.031
0.031
0.029
0.029
0.028
0.027
0.026
0.025
0.022
0.019
0.015
0.011
0.008
0.004
-0.002
-0.007
-0.013
-0.019
-0.024
-0.03
-0.035
-0.04
-0.045
-0.049
-0.053
-0.053
-0.05
-0.047
-0.044
-0.041
-0.039
-0.035
-0.03
-0.024
-0.019
-0.014
-0.008
-0.003
0.001
-0.002
-0.011
-0.02
-0.029
-0.037
-0.04
-0.038
-0.036
-0.033
-0.031
-0.029
-0.027
-0.025
-0.023
-0.025
-0.036
-0.048
-0.058
-0.059
-0.054
-0.05
-0.045
-0.041
-0.036
-0.032
-0.027
-0.023
-0.018
-0.014
-0.009
-0.004
0.001
0.006
0.011
0.017
0.021
0.026
0.029
0.029
0.029
0.029
0.029
0.029
0.029
0.029
0.029
0.028
0.028
0.028
0.028
0.028
0.028
0.028
0.029
0.034
0.04
0.046
0.053
0.055
0.048
0.039
0.031
0.022
0.014
0.008
0.003
-0.003
-0.008
-0.014
-0.019
-0.024
-0.026
-0.028
-0.029
-0.031
-0.032
-0.031
-0.026
-0.022
-0.018
-0.017
-0.018
-0.019
-0.019
-0.019
-0.015
-0.011
-0.006
-0.002
0.003
0.007
0.013
0.022
0.03
0.037
0.043
0.045
0.047
0.049
0.051
0.052
0.053
0.049
0.043
0.038
0.033
0.028
0.024
0.024
0.028
0.032
0.036
0.04
0.041
0.04
0.037
0.035
0.031
0.024
0.016
0.009
0.002
-0.006
-0.014
-0.022
-0.029
-0.036
-0.035
-0.027
-0.019
-0.012
-0.008
-0.012
-0.019
-0.024
-0.03
-0.035
-0.038
-0.041
-0.043
-0.044
-0.044
-0.043
-0.036
-0.02
-0.005
0.011
0.022
0.014
-0.002
-0.005
0.005
0.017
0.027
0.036
0.037
0.035
0.033
0.031
0.029
0.026
0.025
0.022
0.021
0.018
0.017
0.015
0.013
0.011
0.009
0.007
0.005
0.003
0.001
-0.001
-0.003
-0.005
-0.009
-0.012
-0.016
-0.019
-0.019
-0.017
-0.015
-0.013
-0.011
-0.01
-0.012
-0.019
-0.024
-0.022
-0.017
-0.014
-0.01
-0.007
-0.003
0
0.001
0.003
0.004
0.006
0.007
0.009
0.011
0.012
0.014
0.016
0.017
0.021
0.027
0.034
0.042
0.048
0.047
0.04
0.033
0.026
0.02
0.013
0.006
0
-0.005
-0.008
-0.01
-0.013
-0.016
-0.019
-0.021
-0.024
-0.027
-0.029
-0.031
-0.033
-0.035
-0.037
-0.039
-0.041
-0.043
-0.044
-0.045
-0.042
-0.038
-0.035
-0.031
-0.027
-0.024
-0.022
-0.022
-0.022
-0.022
-0.022
-0.023
-0.029
-0.037
-0.045
-0.052
-0.051
-0.044
-0.037
-0.03
-0.023
-0.016
-0.009
-0.002
0.005
0.013
0.016
0.013
0.008
0.004
-0.001
-0.005
-0.009
-0.013
-0.014
-0.012
-0.01
-0.007
-0.005
-0.003
-0.001
-0.002
-0.006
-0.01
-0.014
-0.018
-0.022
-0.027
-0.032
-0.038
-0.043
-0.046
-0.048