0
0.027
-0.051
0.027
0.07
0.059
0.041
0.043
-0.027
-0.111
-0.163
-0.077
0
-0.042
-0.02
0.047
-0.002
-0.045
-0.052
-0.041
-0.021
0.003
0.029
0.054
0.08
0.094
0.033
-0.136
-0.065
0.095
0.06
-0.038
-0.087
-0.092
0.009
0.145
0.237
0.11
0.008
-0.098
-0.092
-0.004
0.111
0.158
0.085
0.053
0.072
0.026
-0.026
0.041
0.172
0.142
0.097
0.124
0.164
0.213
0.223
0.003
-0.29
-0.608
-0.841
-0.582
-0.136
0.35
0.698
0.446
-0.058
-0.363
-0.157
0.173
0.472
0.08
-0.709
-1.028
-0.735
-0.402
-0.008
0.329
0.734
0.733
0.255
-0.205
-0.273
-0.192
-0.101
-0.169
-0.16
0.141
0.487
0.872
0.859
0.388
-0.11
-0.677
-0.908
-0.685
-0.416
-0.11
0.161
0.48
0.587
0.28
-0.139
-0.202
0.095
0.335
0.228
-0.048
-0.187
-0.005
0.236
0.257
0.138
0.017
-0.119
-0.133
-0.111
-0.274
-0.538
-0.574
-0.13
0.185
0.079
-0.05
0.034
-0.053
-0.075
0.225
0.572
0.504
0.167
-0.039
0.042
0.038
0.031
0.152
0.114
-0.128
-0.436
-0.5
-0.16
0.206
0.264
0.126
-0.025
-0.145
-0.139
-0.012
0.185
0.27
0.088
-0.026
0.025
0.026
-0.036
-0.015
0.005
-0.112
-0.186
-0.117
0.015
0.067
-0.05
-0.045
0.1
0.07
-0.122
-0.063
0.162
0.119
-0.021
-0.108
-0.031
0.017
0.015
0.001
0.01
0.018
-0.012
0.018
0.111
0.119
0.048
-0.042
-0.074
-0.033
0.013
0.033
0.037
0.003
-0.062
-0.129
-0.101
-0.018
0.077
0.079
-0.065
-0.133
0
0.205
0.213
0.012
-0.077
-0.072
-0.149
-0.148
-0.028
0.144
0.191
0.047
-0.115
-0.088
0.07
0.196
0.122
-0.027
-0.161
-0.109
-0.053
-0.05
0.005
0.105
0.098
-0.016
-0.09
-0.047
0.017
0.004
0.018
0.08
0.068
0.003
-0.069
-0.127
-0.065
-0.002
0.017
-0.023
-0.045
-0.048
-0.03
0.008
0.07
0.114
0.102
-0.036
-0.1
-0.003
0.12
0.105
-0.008
-0.1
-0.073
0.007
0.048
0.015
0.017
0.055
0.053
-0.007
-0.076
-0.105
-0.071
-0.055
-0.027
0.019
0.062
0.007
-0.043
0.003
0.088
0.1
0.043
-0.028
-0.051
-0.01
0.01
0.016
0.018
0.015
0.002
-0.011
-0.028
-0.014
0.057
0.068
0.022
-0.034
-0.084
-0.051
0.034
0.042
-0.001
-0.057
-0.085
-0.023
0.076
0.101
0.033
-0.019
-0.006
0.034
0.033
-0.01
-0.025
-0.002
0.011
-0.018
-0.056
-0.047
-0.017
0.012
0.002
-0.041
-0.061
-0.039
-0.007
0.013
0.008
0
-0.011
-0.02
-0.044
-0.048
0.007
0.022
-0.008
-0.017
0.005
-0.015
-0.04
-0.006
0.031
0.007
-0.038
-0.021
0.021
0.063
0.061
0.036
0.006
-0.019
-0.037
-0.028
0.005
0.047
0.047
-0.004
-0.048
-0.042
-0.014
-0.01
-0.026
-0.027
-0.017
-0.001
-0.018
-0.03
-0.022
-0.012
-0.003
0.024
0.038
0.018
-0.004
-0.002
0.007
-0.019
-0.006
0.009
0.001
-0.011
0.018
0.047
0.012
-0.043
-0.018
0.034
0.06
0.044
-0.003
-0.035
-0.022
0.023
0.03
-0.004
-0.021
-0.035
-0.044
-0.051
-0.015
0.032
0.02
-0.005
0.007
0.039
0.014
-0.035
-0.034
0.031
0.063
0.016
-0.056
-0.07
-0.027
-0.036
-0.058
-0.04
-0.005
0.027
0.036
0.014
-0.017
-0.022
0.019
0.021
-0.003
-0.026
-0.023
-0.024
-0.024
-0.008
0.017
0.029
0.011
-0.018
-0.007
0.046
0.052
0.034
0.019
0.01
0.001
-0.002
0.006
0.009
0.002
-0.005
-0.007
0.003
0.024
0.047
0.04
0.01
-0.01
0.007
0.028
0.021
0.003
-0.016
-0.034
-0.039
-0.007
0.035
0.019
-0.024
-0.046
-0.012
0.021
0.02
-0.017
-0.028
0.005
0.038
0.014
-0.031
-0.065
-0.034
0.02
0.035
0.013
0.004
-0.002
-0.005
-0.01
-0.01
-0.005
0.002
0.001
-0.006
-0.004
0.01
0.009
-0.007
-0.022
-0.024
0.028
0.05
-0.002
-0.035
-0.007
0.014
0.016
0.019
0.032
0.037
0.02
0.004
0.005
0.009
0.011
-0.013
-0.03
-0.031
-0.018
-0.007
-0.007
-0.01
-0.002
0.017
0
-0.03
-0.061
-0.046
0.002
0.04
0.01
-0.024
-0.03
-0.017
0
0.01
0.007
0.008
0.011
0.025
0.046
0.051
0.031
0.019
0.012
0.006
0
-0.006
-0.008
-0.005
-0.007
-0.013
0.003
-0.008
-0.028
-0.042
-0.004
0.048
0.048
0.026
0.022
0.038
0.036
0.005
-0.002
0.018
0.038
0.028
0.008
-0.006
-0.01
-0.008
-0.011
-0.003
0.014
0.021
0.021
0.017
0.013
0.008
0.01
0.009
-0.006
-0.013
0.003
0.015
0.015
0.005
-0.007
-0.024
-0.031
-0.011
0.008
-0.005
-0.013
-0.018
-0.022
-0.022
-0.016
-0.018
-0.023
-0.018
-0.004
0.01
0.015
-0.001
-0.023
-0.034
-0.019
-0.005
0.006
0.018
0.019
0.005
-0.007
-0.011
-0.001
0.01
0.019
0.01
-0.013
-0.014
0.012
0.015
0.011
0.012
0.016
0.011
0.001
-0.01
-0.014
0.003
0.025
0.009
-0.015
-0.006
0.015
0.006
-0.013
-0.013
0.001
-0.017
-0.026
-0.007
0.024
0.008
-0.013
0.005
0.031
0.022
0.007
0.004
0.009
0.016
0.022
0.012
-0.007
-0.013
-0.004
0.01
0.009
0.006
0.014
0.01
-0.008
-0.008
0.007
0.001
-0.013
-0.009
0.005
0.005
-0.004
-0.006
0.001
0.007
0.007
-0.007
-0.022
-0.032
-0.011
0.006
0.003
-0.003
-0.012
-0.005
0.015
0.015
-0.005
-0.01
0.018
0.027
0.006
-0.022
-0.027
-0.009
0.003
-0.003
-0.018
-0.023
-0.024
-0.031
-0.039
-0.009
0.024
0.017
-0.008
-0.005
0.011
0.002
-0.017
-0.019
0.02
0.035
0.02
0
0.005
0.029
0.023
-0.009
-0.032
-0.012
0.027
0.025
0
-0.005
0.015
0.023
-0.003
-0.004
0.024
0.016
-0.004
-0.013
-0.007
-0.006
-0.01
-0.005
0.02
0.023
-0.01
-0.03
-0.022
-0.007
0.012
0.02
0.008
-0.016
-0.021
-0.003
0.028
0.029
-0.011
-0.029
-0.007
0.013
0.004
-0.018
-0.027
-0.011
0.017
0.011
-0.01
-0.01
0.008
0.018
0.013
-0.007
-0.023
-0.02
-0.022
-0.022
-0.008
0.015
0.013
-0.002
-0.01
-0.019
-0.02
-0.005
0.003
0
0.004
0.01
0.007
0.001
-0.007
-0.01
-0.008
-0.004
0
0
-0.005
0.006
0.013
-0.002
-0.025
-0.025
-0.009
0.002
0.007
0.011
0.009
-0.008
-0.021
-0.03
-0.034
-0.005
0.026
0.019
0.001
-0.006
-0.006
-0.004
0
0.012
0.033
0.033
0.014
-0.008
-0.02
-0.004
0.022
0.023
0.004
-0.01
0.003
0.023
0.021
0.005
-0.007
0.002
0.014
0.008
-0.007
-0.015
-0.011
-0.009
-0.01
-0.013
-0.006
0.006
-0.001
-0.019
-0.018
0.004
0.013
0
-0.02
-0.023
0.002
0
-0.011
-0.021
-0.022
-0.011
0.005
0.016
0.01
-0.004
0.002
0.022
0.019
0.01
-0.001
-0.003
0
0.002
0
-0.002
-0.004
-0.006
-0.008
-0.008
-0.008
0.002
0.006
-0.004
-0.019
-0.005
0.016
0.011
0.002
-0.003
-0.006
-0.005
0.003
0.012
0.009
-0.005
-0.01
-0.007
-0.004
-0.004
-0.004
-0.005
-0.005
0.001
0.012
0.018
0.009
-0.001
-0.001
0.003
0.003
-0.003
-0.01
-0.011
-0.007
-0.008
-0.011
-0.014
-0.013
-0.012
-0.007
-0.006
-0.011
-0.007
0.018
0.025
0.005
-0.012
0.002
0.022
0.022
0.016
0.008
0.003
0.004
0.002
-0.003
-0.007
-0.002
0.005
0.009
0.012
0.01
0.003
-0.004
0.006
0.02
0.006
-0.011
-0.009
0
0.001
-0.007
-0.006
0.007
0.014
0.008
0
0.003
0.014
0.017
0
-0.016
-0.022
-0.01
0.015
0.01
-0.007
-0.018
-0.014
0.002
0.021
0.02
-0.001
-0.009
0.009
0.031
0.02
-0.003
-0.012
-0.003
0.018
0.012
-0.008
-0.017
-0.007
0.004
0.003
-0.003
-0.006
-0.005
-0.003
-0.003
-0.006
-0.01
-0.012
0.003
0.015
0.007
-0.004
-0.011
-0.005
0.009
0.01
0.002
-0.01
-0.014
-0.006
0.004
-0.001
-0.013
-0.019
-0.007
0.017
0.012
-0.006
-0.002
0.013
0.011
0.003
-0.003
0
0.001
-0.004
-0.005
0.001
0.007
0.007
0.004
0.006
0.011
0.008
0
-0.008
-0.001
0.015
0.016
0.008
-0.002
-0.002
0.005
0.011
0.008
0.002
-0.005
0.006
0.016
0.006
-0.001
-0.005
-0.006
-0.004
-0.001
0.001
0.004
0.003
-0.002
-0.005
-0.007
-0.007
-0.005
-0.002
0
0.003
0.005
0.007
0.01
0.01
0.006
0
-0.003
0.001
0.008
0.008
0.002
-0.003
-0.008
-0.012
-0.015
-0.008
0.001
-0.003
-0.013
-0.019
-0.007
0.006
0.005
-0.002
-0.001
0.004
0.001
-0.004
-0.008
-0.001
0.014
0.017
0.006
-0.005
-0.003
0.006
0.012
0.008
0.003
0.001
0.003
0.005
0.008
0.01
0.007
0.001
-0.003
0.004
0.009
0.006
-0.002
-0.004
0.004
0.002
-0.003
-0.003
0.001
0.004
0.001
-0.006
0
0.018
0.021
0.007
-0.008
-0.008
0.001
0.001
-0.001
0
0.001
0.004
0.003
0
-0.004
-0.007
-0.006
-0.003
-0.001
0.002
0.004
0.001
-0.003
-0.004
-0.001
-0.002
-0.005
-0.007
-0.002
0.009
0.01
-0.002
-0.016
-0.018
-0.007
-0.003
-0.007
-0.01
-0.005
0.002
-0.001
-0.008
-0.01
-0.005
-0.002
-0.002
-0.004
-0.004
0
0.003
-0.001
-0.006
-0.009
-0.005
-0.001
-0.003
-0.008
-0.014
-0.009
-0.001
0.004
0.003
0
-0.005
-0.009
-0.01
-0.005
0.004
0.009
0.005
-0.002
-0.003
0.002
0.006
0.01
0.007
0
-0.006
-0.003
-0.004
-0.007
-0.004
0.007
0.009
0.003
0.001
0.004
0.006
0
-0.009
-0.006
0
0.002
0.002
0.003
0.006
0.006
0.003
0.003
0.005
0.009
0.009
0.004
-0.003
-0.004
-0.002
0
0.001
0.004
0.002
-0.005
-0.013
-0.014
-0.008
-0.002
-0.001
-0.002
-0.003
-0.004
-0.006
-0.007
-0.008
-0.009
-0.01
-0.011
-0.007
0
0.001
-0.003
-0.008
-0.01
-0.008
-0.006
-0.004
-0.003
-0.004
-0.005
-0.006
-0.002
0.004
0.003
-0.002
-0.004
-0.003
0.002
0.007
0.01
0.009
0.008
0.006
0.005
0.004
0.003
0.001
0.001
0.002
0.002
0.003
0.003
0.004
0.004
0.004
0.005
0.005
0.004
0.001
-0.002
-0.004
-0.007
-0.009
-0.006
0.002
0
-0.004
-0.002
0.003
0.002
-0.005
-0.01
-0.006
0.002
0.002
-0.006
-0.007
-0.004
-0.007
-0.011
-0.009
-0.005
-0.007
-0.011
-0.009
-0.007
-0.006
-0.005
-0.005
-0.004
-0.002
-0.001
0.001
0.003
0.004
0.005
0.002
-0.002
0
0.004
0.003
-0.002
-0.007
-0.009
0.001
0.018
0.027
0.017
0.002
-0.01
-0.015
-0.013
0.002
0.013
0.005
-0.006
-0.008
0.017
0.024
0.004
-0.009
-0.007
0.002
0.002
-0.006
-0.01
-0.002
0.008
0.02
0.02
0.006
-0.008
-0.008
-0.003
0.001
0.003
0.005
0.005
-0.004
-0.009
0.002
0.016
0.015
-0.001
-0.001
0.015
0.016
0.005
-0.002
0.002
0.007
-0.002
-0.02
-0.014
-0.005
0
0.006
0.006
0
-0.005
0.004
0.009
0
-0.001
0.011
0.013
0.008
0.001
-0.003
-0.004
-0.004
-0.006
-0.001
0.007
0.006
0.002
-0.002
-0.006
-0.01
-0.005
0.008
0.002
-0.009
-0.014
-0.004
0.004
0.001
0
0.01
0.012
-0.002
-0.006
0.005
0.002
-0.008
-0.014
-0.001
0.015
0.011
0.001
0.011
0.016
-0.003
-0.01
0.006
0.013
0.009
0.001
-0.013
-0.009
0.016
0.013
-0.008
-0.012
0.013
0.008
-0.008
-0.022
0.009
0.024
-0.001
-0.017
-0.002
0.015
0.027
0.049
0.057
0.023
0.001
-0.013
-0.03
-0.038
-0.033
-0.022
-0.013
-0.015
-0.017
-0.019
0.014
0.047
0.064
0.061
0.026
-0.014
-0.037
-0.047
-0.056
-0.057
-0.007
0.06
0.044
-0.026
-0.095
-0.079
-0.001
0.054
0.092
0.064
-0.009
-0.087
-0.081
-0.02
0.053
0.078
0.039
0.002
-0.02
-0.02
0.001
0.019
0.028
0.038
0.014
-0.065
-0.073
0.004
0.084
0.061
-0.002
-0.038
-0.017
0.024
0.022
-0.027
-0.044
-0.003
0.041
0.025
-0.015
-0.042
-0.049
-0.042
-0.012
0.043
0.063
0.043
0.033
0.019
-0.036
-0.071
-0.013
0.052
0.047
0.007
-0.028
-0.042
-0.016
0.017
0.035
0.034
0.008
-0.011
0.01
0.036
0.014
-0.033
-0.057
-0.046
-0.032
-0.009
0.023
0.024
0
-0.016
-0.014
0.001
0.016
0.02
0.003
-0.021
-0.011
0.029
0.039
0.029
0
-0.023
-0.028
-0.02
-0.009
0.005
0.019
0.006
-0.018
-0.012
0.017
0.035
0.005
-0.029
-0.041
-0.027
0.002
0.026
0.031
-0.001
-0.031
-0.03
-0.007
0.019
0.032
0.012
-0.019
-0.017
0.001
0.015
-0.005
-0.021
-0.023
-0.006
0.022
0.034
0.021
0.006
-0.002
-0.006
0
0.012
0.016
0.006
-0.017
-0.028
-0.028
-0.023
-0.014
0.009
0.028
0.014
-0.012
-0.003
0.02
0.008
-0.015
-0.031
-0.025
-0.006
0.013
0.005
-0.014
-0.02
-0.004
0.017
0.036
0.023
-0.005
-0.02
-0.007
0
-0.002
-0.007
-0.014
-0.015
-0.005
0.008
0.012
0.009
0.004
-0.002
-0.007
-0.008
-0.006
-0.005
-0.008
-0.012
-0.015
-0.014
-0.007
0.002
-0.002
-0.01
-0.003
0.021
0.024
0.01
-0.004
0.001
0.011
0.013
0.011
0.008
-0.003
-0.017
-0.015
-0.005
0.005
0.006
-0.001
-0.002
0.005
0.012
0.018
0.021
0.013
0.003
-0.01
-0.017
-0.016
0.003
0.009
0
-0.01
-0.005
0.008
0.006
0
-0.005
-0.004
-0.002
0.002
0.009
0.008
-0.002
-0.009
-0.002
0.008
-0.002
-0.021
-0.021
-0.005
0.007
0.006
0.001
-0.004
-0.009
-0.012
-0.009
-0.006
-0.007
-0.011
-0.01
0.002
0.01
0.004
-0.007
-0.015
-0.005
0.013
0.015
0.006
-0.003
-0.002
0.001
0.003
0.005
0.005
0.002
-0.001
-0.005
-0.01
-0.01
-0.004
0.001
0
-0.003
-0.005
-0.002
0.004
0.007
0.003
0.002
0.005
0.01
0.013
0.009
0.002
-0.002
0
0.003
0.002
-0.001
-0.005
-0.006
0
0.006
0.013
0.012
0.004
-0.004
0
0.008
0.007
-0.002
-0.005
0
0.006
0.011
0.01
0.007
0.004
0.001
-0.003
-0.004
0.003
0.01
0.007
-0.004
-0.01
0.001
0.008
-0.002
-0.007
0
0.001
-0.003
-0.006
-0.001
0.001
-0.004
-0.002
0.001
-0.004
-0.007
-0.004
-0.006
-0.011
-0.008
-0.001
0.002
-0.004
-0.003
0
-0.002
-0.005
-0.003
0.003
0.008
0.005
-0.001
-0.006
-0.01
-0.008
0.002
0.011
0.005
-0.005
-0.006
0
0.01
0.013
0.008
0.001
-0.006
-0.004
0.012
0.018
0.008
-0.004
-0.002
0.01
0.011
0.004
-0.005
-0.004
0.001
0.008
0.008
0.001
-0.006
-0.007
-0.006
-0.005
0
0.005
0.004
-0.002
-0.005
-0.005
-0.004
-0.004
0.002
0.009
0.008
0.005
0.003
0
-0.002
0
0.001
0.003
0.003
0.001
-0.002
-0.004
-0.002
0.001
-0.001
-0.005
-0.005
-0.002
0.002
0.006
0.009
0.006
-0.002
-0.01
-0.008
-0.004
-0.001
0.001
0.003
0.002
-0.005
-0.007
-0.003
0
0.001
-0.001
-0.004
-0.006
-0.008
-0.001
0.007
0.006
0.003
0
-0.004
-0.002
0.007
0.008
0.004
-0.001
-0.005
-0.004
-0.001
0.001
0.004
0.004
0.002
0.001
-0.001
-0.003
-0.003
0
0.002
-0.003
-0.005
-0.001
0.007
0.009
0.002
-0.007
-0.011
-0.004
0.002
0.005
0.007
0.007
-0.001
-0.005
-0.002
0.003
0.001
-0.006
-0.007
-0.006
-0.004
-0.003
-0.001
-0.001
-0.003
-0.005
-0.005
-0.002
0
-0.002
-0.006
-0.009
-0.006
-0.001
0
-0.001
-0.003
-0.005
-0.006
-0.004
-0.002
0.001
0.001
-0.002
-0.006
-0.007
-0.003
-0.002
-0.005
-0.007
-0.003
0.002
0.001
-0.003
-0.004
0.002
0.005
0.001
-0.002
0.001
0.008
0.009
0.002
-0.005
-0.005
-0.001
0.003
0.003
0.001
-0.001
-0.004
-0.005
-0.001
0.008
0.013
0.007
0.001
-0.007
-0.008
-0.001
0.002
0
-0.003
-0.003
-0.001
0.003
0.002
0
-0.003
-0.004
-0.004
0
0
0
0
0
0