0
-0.072176
-0.10536
0.0055246
0.028345
0.080555
0.30394
0.30684
0.043185
-0.0021946
0.046766
-0.081264
-0.0027041
0.17295
-0.10313
-0.35994
-0.087504
0.11752
-0.0041033
-0.033533
-0.086363
-0.26876
-0.1713
0.076997
0.045868
-0.048482
0.031818
0.19486
0.43019
0.48167
0.13369
-0.17836
-0.24842
-0.32424
-0.30371
-0.24858
-0.42102
-0.418
-0.06328
0.12634
0.19997
0.35059
0.1795
-0.02564
0.29202
0.33314
-0.30336
-0.46653
-0.1856
-0.35829
-0.16323
0.43587
-0.081338
-0.58643
0.3651
0.68475
-0.14213
0.028102
0.39464
-0.28143
-0.3409
0.27646
0.067113
-0.32297
-0.21281
-0.10775
0.16496
0.54971
0.41712
0.045254
-0.10943
-0.22856
-0.25746
-0.0060753
0.073915
-0.3103
-0.4387
0.0023653
0.22206
0.074956
0.035616
0.081876
0.35116
0.74054
0.7526
0.65031
0.056167
-1.3731
-1.4081
0.21229
0.13306
-1.0673
-0.17291
1.2074
0.87454
0.68581
1.4321
1.5457
1.0873
1.0895
1.2593
0.9199
0.22409
-0.36127
-1.0108
-2.1874
-3.0701
-2.3254
-1.1401
-1.5844
-2.1959
-0.97111
0.19281
-0.04209
0.24932
1.3292
1.5963
1.2374
1.0034
1.0246
1.4268
1.6745
1.694
1.9922
1.4242
-0.39178
-1.4677
-1.5351
-1.596
-1.5397
-2.2115
-3.4247
-2.7877
-1.2356
-1.0482
-0.69429
0.56899
1.2023
1.4374
1.6581
1.7424
2.4154
2.6535
1.0731
-0.50708
-0.50139
-0.2942
-0.88119
-1.1943
-0.76015
-0.59444
-0.66156
-0.10292
0.71164
1.4741
1.9007
1.1431
0.40673
0.88003
0.79628
-0.3619
-1.257
-1.9073
-2.3413
-2.584
-2.78
-1.7446
-0.18378
0.073658
0.6542
2.2416
2.506
1.7665
1.563
1.3959
1.1543
1.0206
0.64642
0.24708
-0.2173
-0.89021
-1.397
-1.8072
-1.9984
-1.7257
-1.4377
-0.66047
1.0507
2.0934
1.8018
1.595
1.8422
1.8045
1.2343
0.32242
-0.49515
-1.2469
-2.1597
-2.5459
-2.2576
-2.0973
-1.7802
-0.9354
-0.17589
0.61494
1.5417
1.844
1.8006
1.9816
1.7252
0.87678
0.30292
0.29249
0.16648
-0.56413
-0.9764
-0.41703
-0.27592
-0.94921
-0.83393
-0.095994
-0.068214
-0.33897
-0.28531
-0.14577
0.042597
0.11107
-0.16104
-0.35808
-0.17597
0.12358
0.3348
0.43366
0.3351
0.098158
-0.084882
-0.2049
-0.040572
0.60726
0.88413
0.26886
-0.12615
0.12631
0.16255
0.075829
0.28874
0.34086
0.21353
0.13462
-0.37251
-0.98811
-0.82577
-0.77811
-1.6138
-1.701
-0.66451
-0.34251
-0.30936
0.87495
2.0234
2.0859
1.7841
1.3805
0.90212
0.59194
0.044222
-1.089
-2.3694
-2.9843
-2.5524
-1.6736
-1.0494
-0.65123
-0.11148
0.79185
1.6972
1.938
1.5221
1.3436
2.0401
2.3111
0.75355
-0.77378
-0.49896
-0.081575
-0.54527
-1.2802
-2.2007
-2.1351
-0.68391
-0.12516
-0.34721
0.79362
2.1058
1.8146
1.0078
0.70954
0.61658
0.35174
-0.31973
-1.0624
-1.2964
-1.2613
-1.1545
-0.54847
0.1216
0.052928
-0.059952
0.58157
1.4153
1.7334
1.0176
-0.51415
-1.2103
-0.74642
-0.68798
-1.1046
-1.2511
-1.197
-0.39849
0.96064
1.3384
1.01
1.1879
1.6166
1.999
1.9201
0.64416
-0.70698
-0.88555
-1.0006
-1.831
-2.4434
-2.2308
-1.3369
-0.25975
0.38282
0.69001
1.1566
1.7815
2.107
1.6496
0.74755
0.3095
0.13373
-0.62682
-1.708
-2.1741
-1.66
-0.85556
-0.69177
-0.57496
0.50348
1.6736
1.8868
1.5655
1.3102
1.3006
0.95543
-0.35305
-1.4889
-1.8152
-2.3243
-2.214
-0.91941
-0.4844
-0.57111
0.70842
1.9161
1.922
1.779
1.4031
0.76527
0.39893
-0.1472
-0.70189
-1.0355
-1.703
-1.8699
-1.3424
-1.7102
-1.9644
-0.35535
1.0267
0.66856
0.54863
1.1835
1.2183
1.2238
1.75
1.4436
0.39041
-0.0043293
-0.12414
-0.6372
-1.1487
-1.5656
-1.4802
-0.63156
-0.14599
-0.14181
0.31707
0.76829
1.047
1.6075
1.4895
0.66543
0.53312
0.54513
-0.16868
-0.63404
-0.65467
-0.88665
-0.88086
-0.46501
-0.35096
-0.42166
-0.077436
0.30566
0.17747
0.012385
0.13033
-0.056855
-0.42674
-0.3449
-0.30248
-0.53783
-0.26209
0.23432
0.14425
0.024886
0.32734
0.52808
0.57206
0.61502
0.37082
0.052697
0.042707
-0.079673
-0.47857
-0.56527
-0.36889
-0.44151
-0.55164
-0.17792
0.35017
0.44994
0.33181
0.47387
0.75908
0.84307
0.61941
0.30279
0.25706
0.13065
-0.52773
-0.89656
-0.70388
-0.96926
-1.229
-0.5979
-0.19425
-0.39152
0.052551
0.93193
1.1436
0.85196
0.7455
0.82636
0.67542
0.46493
0.48939
-0.0022577
-1.0881
-1.3725
-0.87893
-0.81041
-0.82107
-0.36149
-0.050537
0.080823
0.49345
0.76518
0.5449
0.36759
0.49734
0.40158
-0.14007
-0.51687
-0.42629
-0.44644
-0.7502
-0.67196
-0.15477
0.15732
0.2654
0.46883
0.50175
0.27622
0.21055
0.33368
0.20998
-0.19106
-0.38427
-0.25276
-0.19687
-0.21443
0.037767
0.42373
0.61178
0.55968
0.36171
0.16721
-0.027782
-0.36334
-0.64489
-0.63542
-0.5391
-0.54099
-0.45638
-0.10002
0.34031
0.54315
0.59406
0.69141
0.65142
0.36078
-0.01376
-0.28204
-0.26392
-0.19539
-0.44126
-0.56194
-0.23461
-0.033159
-0.080209
0.020981
0.12281
0.069402
-0.0029781
-0.10514
-0.10319
0.041452
-0.030708
-0.20414
-0.012497
0.3124
0.33712
0.20914
0.12563
0.035064
-0.0089163
0.018214
-0.017266
-0.059996
0.035044
0.13375
0.016045
-0.24985
-0.25757
0.16672
0.41876
0.11025
-0.092965
0.13616
0.19088
-0.073194
-0.23807
-0.19799
-0.11822
-0.2289
-0.41781
-0.22217
0.10011
-0.026963
-0.15865
0.12643
0.25018
0.056648
0.10154
0.28082
0.142
-0.047662
0.028948
0.069828
0.014079
0.20378
0.43998
0.38589
0.36208
0.49327
0.36129
0.0119
-0.19674
-0.31943
-0.41833
-0.45409
-0.60158
-0.75335
-0.56822
-0.26867
-0.18506
-0.079329
0.18671
0.39769
0.53668
0.56893
0.30935
0.0069519
0.022592
0.058312
-0.25294
-0.5615
-0.46764
-0.23865
-0.19175
-0.12981
0.12404
0.3561
0.3979
0.36944
0.37753
0.3212
0.13649
-0.026566
-0.11944
-0.26494
-0.35818
-0.26705
-0.18855
-0.18723
-0.089365
0.041015
0.1415
0.29708
0.30427
0.095736
0.095526
0.28118
0.14688
-0.17077
-0.21162
-0.10995
-0.12078
-0.16512
-0.19607
-0.22665
-0.19837
-0.13611
-0.11044
-0.093092
-0.020932
0.063048
0.046348
-0.025261
-0.0090613
0.061979
0.098499
0.1064
0.099589
0.12759
0.19573
0.20304
0.13984
-0.00098
-0.22648
-0.2672
-0.05331
0.0016705
-0.092429
0.078221
0.26487
0.073921
-0.046899
0.23582
0.4022
0.2581
0.26517
0.37955
0.23146
0.026252
-0.026628
-0.13131
-0.23596
-0.12993
0.007063
-0.061397
-0.21686
-0.22333
-0.10818
-0.091686
-0.19293
-0.24127
-0.13876
0.060834
0.079514
-0.18439
-0.27733
-0.026515
0.12734
0.13451
0.22686
0.21025
0.053986
0.054936
0.14098
0.1187
0.067366
0.0004563
-0.090104
-0.022923
0.1452
0.036287
-0.28737
-0.30694
-0.077793
-0.10235
-0.23513
-0.11395
-0.020262
-0.15084
-0.16629
0.012168
0.054988
-0.1078
-0.17707
-0.074221
-0.098481
-0.20331
-0.024511
0.22253
0.23926
0.34334
0.48357
0.24169
-0.0086198
0.1092
0.1413
-0.049519
-0.11862
-0.19129
-0.40476
-0.43606
-0.25419
-0.15867
-0.102
0.066372
0.20392
0.25063
0.30319
0.31531
0.288
0.28747
0.21411
0.14202
0.23005
0.15949
-0.22009
-0.40265
-0.30678
-0.38468
-0.4756
-0.21058
0.060034
0.034214
0.055905
0.25744
0.31484
0.21979
0.2188
0.23872
0.167
0.12198
0.063596
-0.13138
-0.28839
-0.2392
-0.099694
0.011286
0.059907
0.0043867
-0.079083
-0.048713
0.060127
0.12475
0.15463
0.18136
0.14103
0.055408
0.035898
0.021158
-0.12057
-0.28098
-0.25838
-0.11113
-0.11362
-0.31227
-0.37075
-0.17505
-0.064451
-0.05285
0.15584
0.31518
0.15471
0.10708
0.32862
0.29336
-0.046249
-0.18816
-0.086879
-0.038629
-0.042769
0.025261
0.11034
0.13617
0.13803
0.17347
0.24761
0.30991
0.28259
0.14377
-0.0015074
-0.054067
-0.12522
-0.3256
-0.44963
-0.34397
-0.25232
-0.30267
-0.28483
-0.16694
-0.086046
-0.010396
0.074514
0.10436
0.12385
0.14088
0.082315
-0.016865
-0.081665
-0.074735
0.0068955
0.032836
-0.053774
-0.065724
0.0021461
-0.034824
-0.037144
0.12215
0.1762
0.10125
0.17442
0.28339
0.19274
0.058447
0.043438
0.0034777
-0.1842
-0.34061
-0.29444
-0.22258
-0.22877
-0.12515
0.033969
0.081799
0.16512
0.31974
0.33994
0.20545
0.07274
0.04659
0.0012198
-0.2272
-0.39214
-0.30266
-0.25171
-0.2818
-0.13223
0.10925
0.30332
0.47187
0.49508
0.37377
0.32109
0.30144
0.12729
-0.079808
-0.099058
-0.10833
-0.33559
-0.51104
-0.43521
-0.38552
-0.37728
-0.14742
0.11399
0.14397
0.15682
0.30947
0.39972
0.34891
0.31318
0.29469
0.15124
-0.042545
-0.078425
-0.010655
-0.078045
-0.26317
-0.28776
-0.11052
-0.032434
-0.13602
-0.15497
-0.033934
0.044516
0.096786
0.18517
0.18817
0.084627
0.017527
0.039927
0.090517
0.080687
-0.017833
-0.11028
-0.14956
-0.2013
-0.228
-0.14098
-0.023172
0.024468
0.070839
0.1451
0.1254
0.034239
0.031539
0.031119
-0.08154
-0.09969
0.01033
-0.01338
-0.08999
-0.02852
-0.01793
-0.11642
-0.12818
-0.13372
-0.24292
-0.2527
-0.097989
-0.0025986
0.0025815
0.11769
0.30658
0.34636
0.27755
0.25043
0.20675
0.11303
0.020273
-0.092487
-0.14954
-0.090487
-0.086507
-0.16749
-0.14147
-0.012816
0.073174
0.073254
0.024504
0.023454
0.10065
0.14579
0.096295
-0.010405
-0.095785
-0.085015
-0.057665
-0.11246
-0.14606
-0.11821
-0.1199
-0.081594
0.036066
0.083596
0.064176
0.1024
0.17787
0.22365
0.16475
-0.017813
-0.11802
-0.058663
-0.073152
-0.15377
-0.10418
-0.069902
-0.1552
-0.11676
0.050658
0.10975
0.1161
0.17613
0.16907
0.11906
0.1577
0.14485
-0.0256
-0.12722
-0.07795
-0.09854
-0.19411
-0.17254
-0.07125
-0.0084294
0.040751
0.083011
0.095791
0.10384
0.099771
0.057831
-0.013438
-0.078748
-0.099718
-0.10144
-0.097328
-0.040498
-0.0018475
-0.051627
-0.057567
0.018063
0.047603
0.057083
0.10057
0.081703
0.0023336
-0.0070462
0.044374
0.024764
-0.058486
-0.090476
-0.10726
-0.15793
-0.12432
-0.036295
-0.049795
-0.072095
-0.019155
-0.0048545
0.019896
0.13787
0.19815
0.15847
0.16207
0.19436
0.14411
0.040707
-0.034903
-0.092783
-0.14193
-0.12629
-0.078993
-0.083052
-0.071002
0.010078
0.078968
0.13369
0.17807
0.1209
0.024149
0.022249
0.052739
0.025659
-0.015641
-0.021911
-0.019821
-0.05087
-0.07451
-0.05572
-0.05889
-0.06946
-0.03583
-0.04951
-0.10422
-0.084779
-0.068759
-0.10188
-0.058349
0.021381
0.030081
0.040732
0.085002
0.096062
0.098092
0.13213
0.14119
0.064412
-0.054167
-0.091097
-0.014307
0.014813
-0.10371
-0.1696
-0.049297
0.030824
-0.018406
0.020244
0.11248
0.066314
-0.014326
-0.013736
0.0010746
0.014755
0.013685
-0.013055
0.026115
0.11507
0.14766
0.13337
0.072606
-0.030874
-0.069864
-0.081484
-0.19509
-0.30232
-0.27613
-0.21029
-0.1567
-0.075053
0.0065072
0.094567
0.2131
0.27508
0.24751
0.20593
0.16277
0.10284
0.028228
-0.089811
-0.20438
-0.2344
-0.23588
-0.24231
-0.15814
0.0041294
0.11999
0.16974
0.19957
0.22569
0.25584
0.24804
0.1381
-0.018059
-0.093619
-0.089819
-0.11618
-0.16678
-0.12764
-0.029059
0.010792
0.026902
0.065962
0.070552
0.057092
0.043452
-0.020348
-0.074087
-0.080827
-0.12318
-0.16713
-0.16234
-0.15102
-0.079227
0.035174
0.051804
0.054144
0.1474
0.18658
0.13067
0.099284
0.080025
0.024615
-0.020855
-0.028575
-0.040695
-0.085235
-0.091445
-0.017984
0.029806
0.016886
0.026036
0.024516
-0.036404
-0.068154
-0.042553
-0.047613
-0.097833
-0.1129
-0.053563
0.033887
0.10644
0.16228
0.19233
0.19459
0.168
0.10027
0.033948
-0.023772
-0.144
-0.2573
-0.25511
-0.23875
-0.26315
-0.21019
-0.082081
0.02993
0.12659
0.20833
0.2385
0.20469
0.14426
0.13098
0.13443
0.045821
-0.075239
-0.10161
-0.087969
-0.10393
-0.092019
-0.063718
-0.087278
-0.087778
-0.0026079
0.054502
0.052782
0.098523
0.14762
0.13045
0.15755
0.22651
0.18285
0.071323
0.023644
-0.0040163
-0.061576
-0.1046
-0.13709
-0.19317
-0.24434
-0.25677
-0.24689
-0.2049
-0.084015
0.062365
0.14054
0.20062
0.2848
0.30293
0.24973
0.18097
0.055826
-0.085914
-0.14981
-0.22421
-0.36136
-0.41198
-0.34459
-0.28142
-0.21259
-0.070393
0.094808
0.2239
0.30526
0.32872
0.3373
0.35159
0.27881
0.13019
0.047909
-0.0050111
-0.13218
-0.22174
-0.19736
-0.16816
-0.14745
-0.08112
-0.03499
-0.01472
0.07205
0.16288
0.14046
0.074491
0.060121
0.068651
0.067271
0.034091
-0.044899
-0.10779
-0.12114
-0.11477
-0.072408
-0.012528
-0.0079678
-0.031388
-0.017498
0.023433
0.060443
0.063903
0.022223
-0.029867
-0.057317
-0.048827
-0.025666
-0.023736
-0.031406
-0.028816
-0.018256
0.011274
0.025824
-0.0093154
-0.021905
0.018585
0.041605
0.050045
0.064495
0.036615
0.0072156
0.050026
0.080826
0.027076
-0.030564
-0.057834
-0.082773
-0.050093
0.034437
0.057207
0.035347
0.055077
0.075917
0.071988
0.082038
0.058958
-0.023772
-0.073292
-0.062682
-0.065092
-0.090281
-0.099111
-0.099971
-0.10777
-0.096231
-0.053881
-0.022611
-0.02271
-0.0020903
0.0623
0.10702
0.09914
0.07902
0.05846
0.016491
-0.024909
-0.033759
-0.039289
-0.077159
-0.095319
-0.039249
0.023752
0.035742
0.060072
0.10954
0.11312
0.094202
0.10099
0.082683
0.029303
0.0015929
-0.008647
-0.029337
-0.045627
-0.072377
-0.10553
-0.092936
-0.055216
-0.038736
-0.018296
0.0004443
-0.012146
-0.0077154
0.032065
0.036685
-0.006475
-0.027375
-0.012275
-0.018525
-0.036044
-0.012094
-0.0006241
-0.026924
0.014976
0.092566
0.073316
0.030427
0.042707
0.025967
0.002527
0.042907
0.065937
0.041667
0.032368
0.012268
-0.029482
-0.043502
-0.069862
-0.13387
-0.143
-0.074841
-0.0006812
0.066059
0.1163
0.12558
0.14972
0.20374
0.1922
0.10447
0.01465
-0.07446
-0.15419
-0.17791
-0.20057
-0.27586
-0.2844
-0.15028
-0.024899
-0.0001988
0.051331
0.16604
0.20121
0.13953
0.10026
0.078332
-0.0062978
-0.11105
-0.15679
-0.15989
-0.14768
-0.11688
-0.090387
-0.061327
0.012023
0.093984
0.12941
0.14106
0.13868
0.10736
0.090854
0.10545
0.088975
0.037085
0.012385
0.015055
0.0097451
0.0048553
-0.0045446
-0.048304
-0.097024
-0.096064
-0.055394
-0.016824
0.0056663
0.022246
0.047837
0.073687
0.065457
0.016507
-0.037813
-0.075463
-0.10621
-0.12415
-0.10076
-0.049722
-0.019002
0.0088581
0.083008
0.15532
0.1563
0.12803
0.11384
0.073779
0.0081592
-0.039361
-0.085691
-0.14474
-0.16895
-0.13072
-0.05603
0.0063102
0.02686
0.03629
0.061411
0.073231
0.071121
0.073711
0.046341
-0.0033187
-0.010129
0.0031116
-0.017698
-0.040388
-0.038668
-0.021088
0.021252
0.046912
0.0077326
-0.037907
-0.044707
-0.052257
-0.061477
-0.052637
-0.051587
-0.063206
-0.068906
-0.053246
0.0066441
0.072084
0.074364
0.053824
0.073445
0.078615
0.015815
-0.058995
-0.094425
-0.11481
-0.12379
-0.092184
-0.050564
-0.025974
0.022626
0.085406
0.11849
0.14425
0.14956
0.10096
0.062927
0.054727
0.013927
-0.030033
-0.043902
-0.073172
-0.089012
-0.046072
-0.0016719
0.020738
0.052248
0.072549
0.082719
0.11329
0.12298
0.082409
0.034889
-0.0037606
-0.03038
-0.02369
-0.01372
-0.02018
-0.0042599
0.02103
0.02026
0.018401
0.0092607
-0.041969
-0.090209
-0.084269
-0.057839
-0.044429
-0.027498
-0.0077083
0.0019419
0.024602
0.050352
0.021822
-0.033628
-0.049917
-0.067297
-0.11034
-0.10765
-0.068227
-0.057047
-0.037747
0.011484
0.031104
0.024694
0.021644
-0.0031858
-0.030606
-0.032456
-0.050365
-0.080265
-0.079225
-0.064705
-0.041465
0.0004953
0.029015
0.044556
0.058626
0.052686
0.056176
0.077366
0.058136
0.017416
0.0090366
0.0060468
-0.010833
-0.023783
-0.032573
-0.034743
-0.023963
0.0089276
0.062038
0.087878
0.076018
0.076968
0.088718
0.088208
0.076209
0.019689
-0.059751
-0.075701
-0.054491
-0.060311
-0.05097
-0.0080203
0.02587
0.0552
0.08747
0.09457
0.06539
0.010621
-0.034639
-0.035419
-0.025629
-0.054289
-0.078189
-0.035959
0.018802
0.015162
0.0035618
0.017732
-0.0028979
-0.036988
-0.023078
-0.011797
-0.036847
-0.063337
-0.081197
-0.057947
0.010773
0.041123
0.030444
0.042024
0.053884
0.052634
0.061024
0.052174
0.033244
0.039685
0.033345
0.0041648
0.005955
0.015665
-0.015605
-0.042145
-0.025994
-0.0055543
0.0032259
0.014046
0.0067561
-0.021624
-0.017814
0.023647
0.022717
-0.022773
-0.016753
0.018727
0.0030473
-0.0042726
0.017978
-0.0019223
-0.0037121
0.042828
0.025378
-0.023102
-0.026942
-0.066811
-0.12029
-0.092561
-0.059801
-0.072861
-0.063671
-0.027641
0.01353
0.05893
0.07001
0.04374
0.02958
0.03501
0.03707
0.029181
0.0075808
-0.033509
-0.080299
-0.094339
-0.063619
-0.032849
-0.022958
0.0011818
0.036432
0.052362
0.069672
0.083132
0.046232
-0.0032374
-0.0094372
-0.0092871
-0.027667
-0.038777
-0.033557
-0.0048065
0.034504
0.049084
0.049854
0.051474
0.040094
0.032214
0.036625
0.026025
0.0014348
-0.015885
-0.023075
-0.022575
-0.013075
-0.0046645
-0.024084
-0.057694
-0.050854
-0.020134
-0.018644
-0.026444
-0.025133
-0.027483
-0.010953
0.019877
0.023777
0.011847
0.0072974
0.0027975
0.010498
0.039568
0.050468
0.021088
-0.0027717
-0.0012916
-0.015761
-0.038531
-0.040471
-0.051391
-0.065381
-0.049031
-0.028901
-0.01418
-0.0040603
-0.01973
-0.016
0.01723
0.01414
0.01113
0.041641
0.043591
0.044791
0.074321
0.069401
0.056311
0.063651
0.037732
0.011352
0.0011319
-0.059858
-0.11662
-0.092348
-0.040098
0.0034626
0.030543
0.024703
0.034203
0.077103
0.10205
0.10658
0.092494
0.045534
0.0092639
-0.001756
-0.011696
-0.0010657
-0.0029055
-0.063235
-0.093495
-0.046025
-0.009765
-0.0028948
0.0081853
0.0010655
-0.0034044
0.018996
0.017876
-0.0075539
-0.022354
-0.047804
-0.066334
-0.034823
0.0004868
0.0017869
0.013657
0.046547
0.064087
0.067398
0.061608
0.028948
-0.0085121
-0.013582
-0.0034218
-0.010542
-0.038991
-0.063601
-0.044711
-0.0082311
-0.016141
-0.033311
-0.024941
-0.04197
-0.05335
-0.0040602
0.01881
-0.01584
-0.01082
0.0238
0.018781
0.0037307
-0.0031192
-0.031859
-0.063839
-0.069269
-0.055309
-0.032188
-0.016578
-0.024728
-0.026478
0.012572
0.053082
0.045442
0.017103
0.0023327
-0.0066472
-0.001137
0.016433
0.0098133
-0.0091466
-0.0094964
-0.0007763
0.022444
0.047664
0.024284
-0.014456
-0.010666
-0.0033354
-0.011585
-0.011235
-0.025405
-0.034655
0.0057753
0.042415
0.048056
0.068556
0.075516
0.048826
0.054976
0.081176
0.055216
-0.0002634
-0.037943
-0.060393
-0.067493
-0.059653
-0.047303
-0.025153
0.012218
0.055998
0.084668
0.079188
0.057648
0.043328
0.024808
0.0029686
-0.0063212
-0.020711
-0.058711
-0.092381
-0.082191
-0.046801
-0.04034
-0.0505
-0.04066
-0.03565
-0.02712
0.01872
0.0478
0.037911
0.043681
0.054211
0.055981
0.069501
0.050781
0.0038815
0.0019416
0.020562
0.024422
0.039312
0.033212
-0.0076776
-0.021467
-0.016707
-0.044837
-0.083517
-0.093397
-0.077357
-0.050037
-0.011716
0.029594
0.040744
0.027124
0.038164
0.058564
0.037274
-0.0044755
-0.035085
-0.056835
-0.039505
0.012015
0.019315
-0.0015846
0.021416
0.030766
0.0004158
0.017266
0.029656
-0.035444
-0.058914
-0.014453
-0.010893
-0.016543
-0.002173
-0.022603
-0.028563
0.0012774
0.0029176
0.0021777
-0.0025021
-0.051502
-0.053902
0.0086983
0.021648
0.010149
0.028989
0.018069
0.002769
0.032839
0.029859
-0.024491
-0.0545
-0.05819
-0.05419
-0.03182
-0.02441
-0.04879
-0.04752
0.0026106
0.044921
0.058041
0.083281
0.10374
0.074951
0.051521
0.068772
0.049632
-0.011368
-0.030238
-0.014808
-0.016518
-0.019048
-0.012167
-0.021147
-0.030707
-0.004977
0.032433
0.034363
0.010793
-0.0033164
0.0023238
0.027544
0.052174
0.045424
0.021484
0.014684
0.016375
0.0046448
-0.010895
-0.026655
-0.055985
-0.067445
-0.027374
0.013366
0.011406
0.0035759
0.0090661
0.010696
0.010356
0.0023065
-0.032093
-0.076613
-0.084713
-0.054173
-0.040883
-0.045623
-0.021462
0.0045577
0.0094078
0.034468
0.061788
0.049478
0.025328
0.015289
0.016189
0.015499
-0.003411
-0.021441
-0.024091
-0.023791
0.0003895
0.04131
0.03938
0.00248
-0.01421
-0.0036597
0.0085504
-0.0051794
-0.041989
-0.058779
-0.037789
-0.0055889
0.015611
0.026351
0.031742
0.030192
0.031332
0.044412
0.050472
0.040172
0.020542
-0.0082274
-0.016047
0.0053829
-0.002047
-0.032567
-0.032337
-0.026857
-0.028486
-0.013146
-0.015936
-0.029886
-0.0025558
0.030514
0.045824
0.066815
0.053835
0.015385
0.021825
0.035815
0.015625
0.0029955
-0.017244
-0.062284
-0.072444
-0.049724
-0.050534
-0.064164
-0.054264
-0.025833
-0.0020032
0.019397
0.044697
0.041417
0.013307
0.015497
0.028078
0.0051278
-0.029552
-0.062052
-0.080112
-0.058212
-0.038332
-0.037741
-0.017901
-0.0028611
0.013569
0.068719
0.081139
0.027679
0.01635
0.03832
0.03552
0.04097
0.03799
0.0026204
-0.010949
-0.0064493
-0.012129
-0.0006991
0.0090211
-0.0061888
-0.0038086
0.022152
0.043562
0.052462
0.038772
0.026902
0.038092
0.026682
-0.0063175
-0.020367
-0.047087
-0.078677
-0.055557
-0.020567
-0.021357
-0.016976
-0.0020263
0.0086038
0.039154
0.066844
0.048964
0.013874
-0.0058855
-0.027365
-0.048215
-0.042005
-0.033335
-0.049455
-0.038105
0.020946
0.051626
0.038406
0.040076
0.045056
0.023836
0.014886
0.019507
-0.017863
-0.074083
-0.078873
-0.053423
-0.041423
-0.021423
-0.0070524
-0.026962
-0.019352
0.035428
0.054598
0.031648
0.018448
0.0023586
-0.011861
0.0058489
0.017179
-0.0041908
-0.019601
-0.011471
0.01185
0.03181
0.01784
-0.00479
0.0060902
0.01996
0.01764
0.023941
0.024581
0.0062109
-0.004039
0.010011
0.036391
0.034521
-0.0035984
-0.016968
-0.0032781
-0.013698
-0.028338
-0.039718
-0.073358
-0.080847
-0.040557
-0.0091371
0.0045831
0.014503
0.0092634
0.0089235
0.030454
0.046214
0.030934
-0.0056359
-0.026306
-0.017446
-0.0040655
0.0039246
-0.0001552
-0.024365
-0.027605
0.0068152
0.024155
0.013066
0.0022257
-0.010064
0.000256
0.043596
0.055506
0.028716
0.019097
0.014357
0.0005468
0.001117
-0.0084229
-0.037863
-0.052933
-0.054912
-0.039172
-0.0030022
0.004778
-0.0033219
0.028508
0.062828
0.058069
0.039599
0.013659
-0.022041
-0.048711
-0.058031
-0.053731
-0.05571
-0.06911
-0.06017
-0.02219
0.02298
0.05921
0.05779
0.033791
0.037891
0.048491
0.036791
0.023261
-0.0067887
-0.049009
-0.046198
-0.014878
-0.0092381
-0.012948
-0.0033078
0.0090123
0.027482
0.054993
0.063243
0.036173
0.009843
0.012943
0.023623
0.024773
0.012324
-0.012626
-0.010766
0.025864
0.044854
0.040364
0.032674
0.010725
-0.0068752
0.0002549
0.003625
-0.016015
-0.050375
-0.073385
-0.058174
-0.028694
-0.022184
-0.033644
-0.043754
-0.033924
-0.0080235
0.0058966
0.0093268
0.0061169
-0.0092229
0.0029672
0.046307
0.053057
0.024068
0.010098
0.0011679
-0.0099719
-0.0056818
-0.013362
-0.044741
-0.056271
-0.042281
-0.027401
-0.0057209
0.0079192
-0.0058906
-0.0056005
0.02773
0.05132
0.04775
0.02784
0.0059302
0.0020404
0.0098705
0.016601
0.016221
-0.007329
-0.024269
-0.0015188
0.015681
0.0097615
0.0080117
-0.0079582
-0.024998
-0.0031479
0.016792
-0.0016876
-0.029657
-0.041937
-0.027327
-0.003427
-0.0029769
-0.0094367
-0.0082866
-0.012286
0.0015337
0.031114
0.022154
-0.015566
-0.027596
-0.017136
-0.0081354
-0.0042453
-0.010075
-0.020135
-0.021245
-0.0051947
0.030425
0.049916
0.025056
0.0036859
0.011756
0.016996
0.021316
0.013426
-0.027433
-0.039423
-0.0053331
0.007247
0.0031772
0.0039873
-0.010113
-0.010622
0.018068
0.040958
0.039178
0.0039282
-0.026972
-0.0035815
0.026379
0.023139
0.012949
-0.008041
-0.024341
-0.0072107
0.0043495
-0.0067904
-0.01968
-0.03496
-0.02944
0.0043302
0.02601
0.02876
0.022271
0.016121
0.042961
0.079611
0.068061
0.026511
-0.0035085
-0.018688
-0.017028
-0.010838
-0.027358
-0.055868
-0.064578
-0.047398
-0.018967
-0.0013572
-0.0061371
-0.013557
0.0012332
0.035073
0.058314
0.039484
-0.0043262
-0.024916
-0.021726
-0.012376
-0.0024456
-0.022525
-0.050845
-0.020985
0.027155
0.041545
0.059715
0.065415
0.033556
0.023546
0.029076
0.002966
-0.026424
-0.052314
-0.074344
-0.048673
-0.0076833
-0.0073332
-0.018733
-0.016993
0.0018373
0.041777
0.060238
0.037828
0.0063578
-0.023402
-0.033212
-0.017452
-0.022202
-0.042581
-0.044071
-0.043321
-0.025411
0.017849
0.019149
-0.011721
-0.0033904
0.01515
0.01455
0.0255
0.01687
-0.02853
-0.03455
0.0082806
0.027321
0.017131
0.002811
-0.018489
-0.015379
0.022661
0.034482
0.013862
0.010902
0.013072
0.0053822
0.017462
0.026962
-0.0071874
-0.048297
-0.047757
-0.021737
-0.0072168
-0.0094167
-0.012787
-0.0086864
0.0088038
0.042124
0.065284
0.045414
-0.0024057
-0.023876
-0.0002154
0.016255
-0.012835
-0.038325
-0.021965
-0.0020647
0.012475
0.040736
0.041666
0.0064259
-0.0012939
0.021676
0.032286
0.023016
-0.0096534
-0.040173
-0.024013
0.0055571
0.0066572
-0.0014026
-0.017902
-0.035412
-0.013462
0.025438
0.029958
0.0080282
-0.011302
-0.0085215
0.018659
0.039219
0.026969
-0.0061609
-0.024111
-0.0079906
0.0123
0.0060297
-0.0167
-0.03862
-0.04277
-0.02121
-0.0007796
-0.0011695
-0.017979
-0.039249
-0.023749
0.028721
0.039881
0.0082914
0.0021315
0.0067617
0.011682
0.041742
0.035902
-0.017468
-0.031368
-0.024327
-0.026587
0.0075528
0.014893
-0.040527
-0.041867
0.0045334
0.010424
0.011874
0.0084139
-0.031516
-0.035526
0.0062143
0.022064
0.013625
-0.0046553
-0.027775
-0.010185
0.037695
0.045095
0.011635
-0.0075644
-0.0005443
0.016506
0.035806
0.025826
-0.025734
-0.052664
-0.023123
0.012217
0.035587
0.040117
0.0044572
-0.0095427
0.039557
0.069368
0.049108
0.025198
-0.007572
-0.030882
-0.0086117
-0.0000015
-0.029991
-0.039291
-0.035441
-0.029991
0.011579
0.039079
0.0079095
-0.01965
-0.0146
0.0065099
0.03105
0.0097702
-0.04333
-0.0455
-0.016269
-0.0055492
0.010161
0.0099111
-0.033289
-0.043319
0.0075115
0.025882
-0.011268
-0.030688
-0.029548
-0.032688
-0.0002476
0.044093
0.025503
-0.010917
-0.000337
0.022163
0.035223
0.035003
-0.0077265
-0.050136
-0.024866
0.025904
0.033644
0.013724
0.0013344
-0.0003155
0.019165
0.053865
0.049745
-0.0039449
-0.046745
-0.049705
-0.028534
-0.0056843
-0.012344
-0.042184
-0.045864
-0.0071337
0.038766
0.047617
0.021137
0.0020668
0.002027
0.015237
0.037467
0.023417
-0.031672
-0.053662
-0.025182
0.008128
0.018078
-0.0063517
-0.032932
-0.021551
0.010309
0.044149
0.057049
0.016039
-0.022051
0.0033294
0.03863
0.03838
0.01508
-0.01727
-0.02614
-0.0049297
0.01144
0.014401
-0.0057793
-0.042939
-0.036619
0.0098712
0.033271
0.026321
-0.0032484
-0.028518
0.0070419
0.058092
0.046842
0.0060923
-0.028498
-0.048887
-0.026767
-0.0016871
-0.021907
-0.047217
-0.048847
-0.018657
0.044124
0.067274
0.031174
0.013564
0.016334
0.014014
0.029454
0.020725
-0.039885
-0.075245
-0.054525
-0.014785
0.017985
0.0072955
-0.030434
-0.018454
0.033346
0.062536
0.060466
0.021826
-0.033823
-0.036623
0.0033868
0.011627
-0.017623
-0.053843
-0.068133
-0.028272
0.029068
0.036498
0.003428
-0.022402
-0.0082518
0.040788
0.064579
0.037639
-0.0037712
-0.038461
-0.034061
0.018709
0.030769
-0.02633
-0.06136
-0.05019
-0.02212
0.02681
0.04957
0.0085204
-0.020449
0.013381
0.061801
0.074971
0.035211
-0.026369
-0.047749
-0.031318
-0.016398
-0.017018
-0.054328
-0.10016
-0.073198
0.0040624
0.043323
0.037853
0.016493
0.003723
0.032003
0.079223
0.081503
0.022694
-0.040346
-0.043796
-0.011176
0.0010442
-0.0088757
-0.045746
-0.078695
-0.026445
0.054765
0.057145
0.023745
-0.0007547
-0.013625
0.027926
0.067516
0.028556
-0.019574
-0.037204
-0.038044
0.010196
0.053197
0.022207
-0.015993
-0.017063
0.0033072
0.042897
0.042007
-0.029802
-0.083252
-0.067742
-0.021812
0.010418
-0.0064817
-0.054792
-0.058091
0.0057488
0.070589
0.080549
0.049609
0.017339
0.01713
0.06292
0.09638
0.05176
-0.02555
-0.0652
-0.05819
-0.011279
0.022181
-0.023689
-0.089789
-0.071789
0.013701
0.075841
0.074022
0.036242
0.0092818
0.024282
0.063072
0.054752
-0.018828
-0.087797
-0.10565
-0.069607
-0.004597
0.0082831
-0.052357
-0.081047
-0.021646
0.056604
0.089304
0.069224
0.011104
-0.029836
0.0031844
0.053755
0.033105
-0.028625
-0.077375
-0.090795
-0.025505
0.055135
0.030146
-0.038284
-0.038654
0.014376
0.086016
0.11464
0.040456
-0.045173
-0.040003
0.012327
0.041987
0.016627
-0.056943
-0.097323
-0.048832
0.030588